id,username,text,likes,retweets,replies,total_interactions,post_date_iso,text_length,word_count,sentiment_label,link
1,KnightCziwi,Prezydentem jest Karol Nawrocki 🇵🇱,1,76,2,79,20-06-25,34,5,,https://nitter.net/KnightCziwi/status/1935986263477436883#m
2,Ren4ta_H,"🇵🇱 Karol Nawrocki, mimo brudnej kampanii wygrał wybory prezydenckie i zostanie Prezydentem Rzeczpospolitej. #Nawrocki2025",2,88,21,111,20-06-25,121,14,,https://nitter.net/Ren4ta_H/status/1936006437328539888#m
3,karnkowski,"Mówisz, że alfons, sutener, złodziej i bandyta nie będzie nigdy twoim prezydentem. Moim również nie - ponieważ moim prezydentem będzie historyk, szef Instytutu Pamięci Narodowej, dr Karol Nawrocki.",7,674,91,772,19-06-25,197,28,,https://nitter.net/karnkowski/status/1935748116642181310#m
4,air_kadiush,"🇵🇱Członek PKW Ryszard Kalisz w wywiadzie dla Rzeczpospolitej, mówi o nieprawidłowościach i anomaliach w 3675 komisjach‼️ Były to przypadki, gdzie w gminie, mieście w większości wygrywał @trzaskowski_ , a tylko w jednej Nawrocki. Posłuchajcie. 💥💥💥 #PrzeliczmyGlosy",3,139,8,150,20-06-25,263,36,,https://nitter.net/air_kadiush/status/1936083104805904677#m
5,swallow1560,Może zapomniał o rozwodzie jak Nawrocki o mieszkaniach,0,0,0,0,20-06-25,54,8,,https://nitter.net/swallow1560/status/1936102363678302540#m
6,szefernaker,"Nielegalnie odebrali środki na kampanię #Nawrocki2025 i atakowali każdego dnia wykorzystując cały aparat państwa. Mimo tego dzięki głosom milionów Polaków Karol Nawrocki zdecydowanie wygrał wybory. Nie pozwolimy, by sfrustrowani politycy lecząc swoje kompleksy niszczyli państwo i podważali wolę Narodu! Będziemy walczyć! Do końca! 🇵🇱",43,1501,633,2177,19-06-25,334,44,,https://nitter.net/szefernaker/status/1935779861139759263#m
7,Fisz33r,Kto za to zaplaci? A o kopertowe co to do skutku nie doszly t3z tak sie martwiles? Przeliczyc glosy i wtjasni sie kto jest prezydentem.Skoro wygral Nawrocki czego sie obawiasz?,0,0,0,0,20-06-25,176,30,,https://nitter.net/Fisz33r/status/1936102352894751223#m
8,Swiadomy86,"Bądźcie w gotowości!! W razie czego wszyscy na Warszawę!! Nie damy okraść się z wyborów! Nie bierzcie urlopów, będzie potrzebny każdy!! Karol Nawrocki jedyny Prezydent!",0,4,2,6,20-06-25,168,25,,https://nitter.net/Swiadomy86/status/1936080071191674917#m
9,BatugWojciech,"Amerykański serwis inform. Washigton Reporter: obóz Tuska coraz mocniej forsuje narrację o sfałszowanych wyborach. Powód? Zobowiązania Tuska wobec Brukseli i misja pełnego podporządkowania Polski. Ale pojawił się obrońca interesu narodowego, Karol Nawrocki. Trwa Walka o Polskę.",6,399,2,407,20-06-25,278,36,,https://nitter.net/BatugWojciech/status/1935992913755873546#m
10,JkmMikke,"Sąd Najwyższy prawdopodobnie zdecyduje, że wybory prezydenckie zostaną powtórzone. Termin zostanie wyznaczony za 5 lat. Do tego czasu funkcję prezydenta będzie pełnił p. Karol Nawrocki. ;)",31,1033,227,1291,19-06-25,188,26,,https://nitter.net/JkmMikke/status/1935683017076593080#m
11,januszgut,"Nie wiem czy w tej sytuacji gdy widać juz skalę przekrętów a przerażona Izba Nadzwyczajną utajnia wyniki, Nawrocki będzie chciał sie wprowadzać, bo byłby to jednak obciach gdyby sie okazało że musi sie jednak wyprowadzić za jakiś czas",0,0,0,0,20-06-25,234,38,,https://nitter.net/januszgut/status/1936102236947714234#m
12,KrzKownacki,To będzie pierwszy test dla prezydenta elekta.,0,0,0,0,20-06-25,46,7,,https://nitter.net/KrzKownacki/status/1936102208711377278#m
13,KostrubiecZuza1,"Pilne Karol Nawrocki Prezydentem Polski!Bądźmy razem i wszyscy Jak jeden mąż Obowiązkowo 6 Sierpnia w Warszawie!.Musimy pilnować.🇵🇱Po pierwsze Polska,po pierwsze Polacy.-Prezydent Elekt Karol Nawrocki. #PociagPrawych #Nawrocki25 #EchoHistorii",1,60,3,64,19-06-25,242,27,,https://nitter.net/KostrubiecZuza1/status/1935771283821593046#m
14,spalinskipatryk,Karol Nawrocki jest moim prezydentem.,0,3,14,17,20-06-25,37,5,,https://nitter.net/spalinskipatryk/status/1936100052440957267#m
15,MurzynfrogXXX,Ale pan jest totalnym przegrywem XD Przegraliście demokratyczne wybory i próbujecie robić gnój i syf w przestrzeni medialnej. Karol Nawrocki i tak zostanie prezydentem a wy pozostaniecie przegrywami i to w dodatku z łatką totalnie odklejonych idiotów którym przewodzi Roman Giertych.,1,60,15,76,20-06-25,283,41,,https://nitter.net/MurzynfrogXXX/status/1936081241796694257#m
16,SuchyBolek,"Nawrocki dawaj przyjeżdżaj na ustawkę robimy, sędzia będziesz",0,0,0,0,20-06-25,61,8,,https://nitter.net/SuchyBolek/status/1936102137072652616#m
17,BatugWojciech,"Amerykański serwis inform. Washigton Reporter: obóz Tuska coraz mocniej forsuje narrację o sfałszowanych wyborach. Powód? Zobowiązania Tuska wobec Brukseli i misja pełnego podporządkowania Polski. Ale pojawił się obrońca interesu narodowego, Karol Nawrocki. Trwa Walka o Polskę.",6,399,2,407,20-06-25,278,36,,https://nitter.net/BatugWojciech/status/1935992913755873546#m
18,Piotr_1978_,Jeżeli @Platforma_org unieważni wybory prezydenckie będziemy na ulicy!!! Mamy dość!!! Zgadzasz się? Udostępnij!!! #RT #wybory2025 #WyboryPrezydenckie2025 #Nawrocki2025 #nawrocki,18,865,111,994,20-06-25,177,18,,https://nitter.net/Piotr_1978_/status/1935983691622498612#m
19,DomiGasiorowski,"8/8 Ludzie Czarnka - Osadczy, Rzymkowski promowali niekonstytucyjną nowelizację ustawy IPN. Nawrocki chce podobnych rozwiązań pod pretekstem penalizacji banderyzmu. Dlaczego ludzie Nawrockiego chcą zniszczyć dialog polsko-ukraiński? Czy to na pewno służy Polsce?",0,0,0,0,20-06-25,262,32,,https://nitter.net/DomiGasiorowski/status/1936102120219963646#m
20,KrzKownacki,No proszę. Polska przestała być źródłem taniej siły roboczej. Straszne.,0,0,0,0,20-06-25,71,10,,https://nitter.net/KrzKownacki/status/1936102074519109665#m
21,johnsmiths74,"Pamiętacie co Nawrocki mówił, że ""każdy dzisiaj może być Pileckim""? To jedno, a drugie ""choćbym szedł ciemną doliną, zła się nie ulęknę, bo jesteście ze mną"". I tego się trzymajmy 👍🇵🇱.",4,403,14,421,19-06-25,184,31,,https://nitter.net/johnsmiths74/status/1935812282795409778#m
22,air_kadiush,"🇵🇱Członek PKW Ryszard Kalisz w wywiadzie dla Rzeczpospolitej, mówi o nieprawidłowościach i anomaliach w 3675 komisjach‼️ Były to przypadki, gdzie w gminie, mieście w większości wygrywał @trzaskowski_ , a tylko w jednej Nawrocki. Posłuchajcie. 💥💥💥 #PrzeliczmyGlosy",3,139,8,150,20-06-25,263,36,,https://nitter.net/air_kadiush/status/1936083104805904677#m
23,KostrubiecZuza1,"Pilne Karol Nawrocki Prezydentem Polski! Bądźmy razem i wszyscy Jak jeden mąż Obowiązkowo 6 Sierpnia w Warszawie!!!! Musimy pilnować. 🇵🇱 Po pierwsze Polska,po pierwsze Polacy.- Prezydent Elekt Karol Nawrocki. #NawrockiPrezydent2025 #SympatycyPanaNawrockiego",0,13,1,14,19-06-25,257,31,,https://nitter.net/KostrubiecZuza1/status/1935742840090361960#m
24,tytulec1,"No i niech sobie sprawdzają a wedykt już wydany, wygrał Nawrocki i koniec kropka",0,0,0,0,20-06-25,80,14,,https://nitter.net/tytulec1/status/1936102027517436071#m
25,arekmularczyk,Widać potencjał. Co sądzicie? 🙃,7,78,127,212,20-06-25,31,5,,https://nitter.net/arekmularczyk/status/1936018673107714194#m
26,RadekKar,"Po decyzji Sądu Najwyższego w Obwodowej Komisji Wyborczej nr 25 w Grudziądzu ponownie przeliczono głosy. Ustalono, że członkowie komisji źle zaraportowali wyniki. Z dokumentów dostarczonych przez komisję wynikało, że Karol Nawrocki zdobył 504 głosy, a Rafał Trzaskowski – 324. Ponowne przeliczenie wykazało, że wyniki zamieniono. W rzeczywistości to Rafał Trzaskowski uzyskał lepszy rezultat.",23,549,237,809,19-06-25,392,53,,https://nitter.net/RadekKar/status/1935755557282955715#m
27,czlowiek__bobr,"90% protestów to ""protesty kopiowane"". Ja nie wiem co silniczki mają w głowach...",7,123,31,161,20-06-25,81,13,,https://nitter.net/czlowiek__bobr/status/1936084765922247153#m
28,EmanuelEmmax,"PREZYDENT RP 2025-2030 🇵🇱KAROL NAWROCKI 🇵🇱 Tego już nic nie zmieni❗️❗️❗️ A wy jeb*ćpisy, silnirazem, koalicjo13grudnia i inne matoły, WYJCIE - bo tyle wam zostało❗️",1,125,22,148,19-06-25,164,25,,https://nitter.net/EmanuelEmmax/status/1935618655313973593#m
29,urbacze1,#Nawrocki2025 #PociągPrawych #TuskDoDymisji Nie damy podważyć uczciwego wyniku wyborów ! Karol Nawrocki- legalnie wybrany Prezydent suwerennej Polski 🇵🇱✌,4,72,10,86,20-06-25,153,18,,https://nitter.net/urbacze1/status/1935945691370504428#m
30,wolfmaahn,Polens: Ist Nawrocki der rechtmäßige Sieger? Bei der Präsidentenwahl sollen in erheblicher Anzahl Stimmen vertauscht worden sein. Das Oberste Gericht ordnete nun eine erste Neuauszählung an. faz.net/aktuell/politik/ausl…,2,76,2,80,20-06-25,220,27,,https://nitter.net/wolfmaahn/status/1935959653382320529#m
31,KnightCziwi,Prezydentem jest Karol Nawrocki 🇵🇱,1,76,2,79,20-06-25,34,5,,https://nitter.net/KnightCziwi/status/1935986263477436883#m
32,Ren4ta_H,"🇵🇱 Karol Nawrocki, mimo brudnej kampanii wygrał wybory prezydenckie i zostanie Prezydentem Rzeczpospolitej. #Nawrocki2025",2,88,21,111,20-06-25,121,14,,https://nitter.net/Ren4ta_H/status/1936006437328539888#m
33,karnkowski,"Mówisz, że alfons, sutener, złodziej i bandyta nie będzie nigdy twoim prezydentem. Moim również nie - ponieważ moim prezydentem będzie historyk, szef Instytutu Pamięci Narodowej, dr Karol Nawrocki.",7,674,91,772,19-06-25,197,28,,https://nitter.net/karnkowski/status/1935748116642181310#m
34,air_kadiush,"🇵🇱Członek PKW Ryszard Kalisz w wywiadzie dla Rzeczpospolitej, mówi o nieprawidłowościach i anomaliach w 3675 komisjach‼️ Były to przypadki, gdzie w gminie, mieście w większości wygrywał @trzaskowski_ , a tylko w jednej Nawrocki. Posłuchajcie. 💥💥💥 #PrzeliczmyGlosy",3,139,8,150,20-06-25,263,36,,https://nitter.net/air_kadiush/status/1936083104805904677#m
35,swallow1560,Może zapomniał o rozwodzie jak Nawrocki o mieszkaniach,0,0,0,0,20-06-25,54,8,,https://nitter.net/swallow1560/status/1936102363678302540#m
36,szefernaker,"Nielegalnie odebrali środki na kampanię #Nawrocki2025 i atakowali każdego dnia wykorzystując cały aparat państwa. Mimo tego dzięki głosom milionów Polaków Karol Nawrocki zdecydowanie wygrał wybory. Nie pozwolimy, by sfrustrowani politycy lecząc swoje kompleksy niszczyli państwo i podważali wolę Narodu! Będziemy walczyć! Do końca! 🇵🇱",43,1501,633,2177,19-06-25,334,44,,https://nitter.net/szefernaker/status/1935779861139759263#m
37,Fisz33r,Kto za to zaplaci? A o kopertowe co to do skutku nie doszly t3z tak sie martwiles? Przeliczyc glosy i wtjasni sie kto jest prezydentem.Skoro wygral Nawrocki czego sie obawiasz?,0,0,0,0,20-06-25,176,30,,https://nitter.net/Fisz33r/status/1936102352894751223#m
38,Swiadomy86,"Bądźcie w gotowości!! W razie czego wszyscy na Warszawę!! Nie damy okraść się z wyborów! Nie bierzcie urlopów, będzie potrzebny każdy!! Karol Nawrocki jedyny Prezydent!",0,4,2,6,20-06-25,168,25,,https://nitter.net/Swiadomy86/status/1936080071191674917#m
39,BatugWojciech,"Amerykański serwis inform. Washigton Reporter: obóz Tuska coraz mocniej forsuje narrację o sfałszowanych wyborach. Powód? Zobowiązania Tuska wobec Brukseli i misja pełnego podporządkowania Polski. Ale pojawił się obrońca interesu narodowego, Karol Nawrocki. Trwa Walka o Polskę.",6,399,2,407,20-06-25,278,36,,https://nitter.net/BatugWojciech/status/1935992913755873546#m
40,JkmMikke,"Sąd Najwyższy prawdopodobnie zdecyduje, że wybory prezydenckie zostaną powtórzone. Termin zostanie wyznaczony za 5 lat. Do tego czasu funkcję prezydenta będzie pełnił p. Karol Nawrocki. ;)",31,1033,227,1291,19-06-25,188,26,,https://nitter.net/JkmMikke/status/1935683017076593080#m
41,januszgut,"Nie wiem czy w tej sytuacji gdy widać juz skalę przekrętów a przerażona Izba Nadzwyczajną utajnia wyniki, Nawrocki będzie chciał sie wprowadzać, bo byłby to jednak obciach gdyby sie okazało że musi sie jednak wyprowadzić za jakiś czas",0,0,0,0,20-06-25,234,38,,https://nitter.net/januszgut/status/1936102236947714234#m
42,KrzKownacki,To będzie pierwszy test dla prezydenta elekta.,0,0,0,0,20-06-25,46,7,,https://nitter.net/KrzKownacki/status/1936102208711377278#m
43,KostrubiecZuza1,"Pilne Karol Nawrocki Prezydentem Polski!Bądźmy razem i wszyscy Jak jeden mąż Obowiązkowo 6 Sierpnia w Warszawie!.Musimy pilnować.🇵🇱Po pierwsze Polska,po pierwsze Polacy.-Prezydent Elekt Karol Nawrocki. #PociagPrawych #Nawrocki25 #EchoHistorii",1,60,3,64,19-06-25,242,27,,https://nitter.net/KostrubiecZuza1/status/1935771283821593046#m
44,spalinskipatryk,Karol Nawrocki jest moim prezydentem.,0,3,14,17,20-06-25,37,5,,https://nitter.net/spalinskipatryk/status/1936100052440957267#m
45,MurzynfrogXXX,Ale pan jest totalnym przegrywem XD Przegraliście demokratyczne wybory i próbujecie robić gnój i syf w przestrzeni medialnej. Karol Nawrocki i tak zostanie prezydentem a wy pozostaniecie przegrywami i to w dodatku z łatką totalnie odklejonych idiotów którym przewodzi Roman Giertych.,1,60,16,77,20-06-25,283,41,,https://nitter.net/MurzynfrogXXX/status/1936081241796694257#m
46,Ren4ta_H,"🇵🇱 Karol Nawrocki, mimo brudnej kampanii wygrał wybory prezydenckie i zostanie Prezydentem Rzeczpospolitej. #Nawrocki2025",2,88,21,111,20-06-25,121,14,,https://nitter.net/Ren4ta_H/status/1936006437328539888#m
47,SuchyBolek,"Nawrocki dawaj przyjeżdżaj na ustawkę robimy, sędzia będziesz",0,0,0,0,20-06-25,61,8,,https://nitter.net/SuchyBolek/status/1936102137072652616#m
48,BatugWojciech,"Amerykański serwis inform. Washigton Reporter: obóz Tuska coraz mocniej forsuje narrację o sfałszowanych wyborach. Powód? Zobowiązania Tuska wobec Brukseli i misja pełnego podporządkowania Polski. Ale pojawił się obrońca interesu narodowego, Karol Nawrocki. Trwa Walka o Polskę.",6,399,2,407,20-06-25,278,36,,https://nitter.net/BatugWojciech/status/1935992913755873546#m
49,Piotr_1978_,Jeżeli @Platforma_org unieważni wybory prezydenckie będziemy na ulicy!!! Mamy dość!!! Zgadzasz się? Udostępnij!!! #RT #wybory2025 #WyboryPrezydenckie2025 #Nawrocki2025 #nawrocki,18,865,111,994,20-06-25,177,18,,https://nitter.net/Piotr_1978_/status/1935983691622498612#m
50,DomiGasiorowski,"8/8 Ludzie Czarnka - Osadczy, Rzymkowski promowali niekonstytucyjną nowelizację ustawy IPN. Nawrocki chce podobnych rozwiązań pod pretekstem penalizacji banderyzmu. Dlaczego ludzie Nawrockiego chcą zniszczyć dialog polsko-ukraiński? Czy to na pewno służy Polsce?",0,0,0,0,20-06-25,262,32,,https://nitter.net/DomiGasiorowski/status/1936102120219963646#m
51,KrzKownacki,No proszę. Polska przestała być źródłem taniej siły roboczej. Straszne.,0,0,0,0,20-06-25,71,10,,https://nitter.net/KrzKownacki/status/1936102074519109665#m
52,johnsmiths74,"Pamiętacie co Nawrocki mówił, że ""każdy dzisiaj może być Pileckim""? To jedno, a drugie ""choćbym szedł ciemną doliną, zła się nie ulęknę, bo jesteście ze mną"". I tego się trzymajmy 👍🇵🇱.",4,403,14,421,19-06-25,184,31,,https://nitter.net/johnsmiths74/status/1935812282795409778#m
53,air_kadiush,"🇵🇱Członek PKW Ryszard Kalisz w wywiadzie dla Rzeczpospolitej, mówi o nieprawidłowościach i anomaliach w 3675 komisjach‼️ Były to przypadki, gdzie w gminie, mieście w większości wygrywał @trzaskowski_ , a tylko w jednej Nawrocki. Posłuchajcie. 💥💥💥 #PrzeliczmyGlosy",3,139,8,150,20-06-25,263,36,,https://nitter.net/air_kadiush/status/1936083104805904677#m
54,KostrubiecZuza1,"Pilne Karol Nawrocki Prezydentem Polski! Bądźmy razem i wszyscy Jak jeden mąż Obowiązkowo 6 Sierpnia w Warszawie!!!! Musimy pilnować. 🇵🇱 Po pierwsze Polska,po pierwsze Polacy.- Prezydent Elekt Karol Nawrocki. #NawrockiPrezydent2025 #SympatycyPanaNawrockiego",0,13,1,14,19-06-25,257,31,,https://nitter.net/KostrubiecZuza1/status/1935742840090361960#m
55,tytulec1,"No i niech sobie sprawdzają a wedykt już wydany, wygrał Nawrocki i koniec kropka",0,0,0,0,20-06-25,80,14,,https://nitter.net/tytulec1/status/1936102027517436071#m
56,arekmularczyk,Widać potencjał. Co sądzicie? 🙃,7,78,127,212,20-06-25,31,5,,https://nitter.net/arekmularczyk/status/1936018673107714194#m
57,RadekKar,"Po decyzji Sądu Najwyższego w Obwodowej Komisji Wyborczej nr 25 w Grudziądzu ponownie przeliczono głosy. Ustalono, że członkowie komisji źle zaraportowali wyniki. Z dokumentów dostarczonych przez komisję wynikało, że Karol Nawrocki zdobył 504 głosy, a Rafał Trzaskowski – 324. Ponowne przeliczenie wykazało, że wyniki zamieniono. W rzeczywistości to Rafał Trzaskowski uzyskał lepszy rezultat.",23,549,237,809,19-06-25,392,53,,https://nitter.net/RadekKar/status/1935755557282955715#m
58,czlowiek__bobr,"90% protestów to ""protesty kopiowane"". Ja nie wiem co silniczki mają w głowach...",7,123,32,162,20-06-25,81,13,,https://nitter.net/czlowiek__bobr/status/1936084765922247153#m
59,Piotr_1978_,Jeżeli @Platforma_org unieważni wybory prezydenckie będziemy na ulicy!!! Mamy dość!!! Zgadzasz się? Udostępnij!!! #RT #wybory2025 #WyboryPrezydenckie2025 #Nawrocki2025 #nawrocki,18,866,111,995,20-06-25,177,18,,https://nitter.net/Piotr_1978_/status/1935983691622498612#m
60,PrawusKris2005,"Wy mówiliście, że Karol Nawrocki przegra stosunkiem 60:40% z Rafałem Trzaskowskim🤣. Przegraliście pomimo całego aparatu państwa zaangażowanego do walki z naszym kandydatem. Wstyd mi że szef polskiego rządu wrzucał takie bzdury. Pan serio myślał serio, że tak będzie?",0,13,2,15,20-06-25,266,38,,https://nitter.net/PrawusKris2005/status/1936086768593391795#m
61,air_kadiush,"🇵🇱Członek PKW Ryszard Kalisz w wywiadzie dla Rzeczpospolitej, mówi o nieprawidłowościach i anomaliach w 3675 komisjach‼️ Były to przypadki, gdzie w gminie, mieście w większości wygrywał @trzaskowski_ , a tylko w jednej Nawrocki. Posłuchajcie. 💥💥💥 #PrzeliczmyGlosy",3,140,8,151,20-06-25,263,36,,https://nitter.net/air_kadiush/status/1936083104805904677#m
62,KrzKownacki,Nawrocki jest tylko awatarem Kaczyńskiego. Od niczego się nie odciął a w wieczór wyborczy mało nie zrobił Kaczyńskiemu laski.,0,0,0,0,20-06-25,125,19,,https://nitter.net/KrzKownacki/status/1936102528757923936#m
63,MurzynfrogXXX,Mam dla pani bardzo smutne informacje. Otóż parą prezydencka to Andrzej Duda i Agata Kornhauser Duda. Co więcej... Od 6 sierpnia nową parą prezydencką będzie Karol Nawrocki i Marta Nawrocka.,0,4,2,6,20-06-25,190,30,,https://nitter.net/MurzynfrogXXX/status/1936045326903001138#m
64,urbacze1,#Nawrocki2025 #PociągPrawych #TuskDoDymisji Nie damy podważyć uczciwego wyniku wyborów ! Karol Nawrocki- legalnie wybrany Prezydent suwerennej Polski 🇵🇱✌,4,73,10,87,20-06-25,153,18,,https://nitter.net/urbacze1/status/1935945691370504428#m
65,wolfmaahn,Polens: Ist Nawrocki der rechtmäßige Sieger? Bei der Präsidentenwahl sollen in erheblicher Anzahl Stimmen vertauscht worden sein. Das Oberste Gericht ordnete nun eine erste Neuauszählung an. faz.net/aktuell/politik/ausl…,2,77,2,81,20-06-25,220,27,,https://nitter.net/wolfmaahn/status/1935959653382320529#m
66,KnightCziwi,Prezydentem jest Karol Nawrocki 🇵🇱,1,76,2,79,20-06-25,34,5,,https://nitter.net/KnightCziwi/status/1935986263477436883#m
67,Ren4ta_H,"🇵🇱 Karol Nawrocki, mimo brudnej kampanii wygrał wybory prezydenckie i zostanie Prezydentem Rzeczpospolitej. #Nawrocki2025",2,88,21,111,20-06-25,121,14,,https://nitter.net/Ren4ta_H/status/1936006437328539888#m
68,karnkowski,"Mówisz, że alfons, sutener, złodziej i bandyta nie będzie nigdy twoim prezydentem. Moim również nie - ponieważ moim prezydentem będzie historyk, szef Instytutu Pamięci Narodowej, dr Karol Nawrocki.",7,674,91,772,19-06-25,197,28,,https://nitter.net/karnkowski/status/1935748116642181310#m
69,swallow1560,Może zapomniał o rozwodzie jak Nawrocki o mieszkaniach,0,0,0,0,20-06-25,54,8,,https://nitter.net/swallow1560/status/1936102363678302540#m
70,szefernaker,"Nielegalnie odebrali środki na kampanię #Nawrocki2025 i atakowali każdego dnia wykorzystując cały aparat państwa. Mimo tego dzięki głosom milionów Polaków Karol Nawrocki zdecydowanie wygrał wybory. Nie pozwolimy, by sfrustrowani politycy lecząc swoje kompleksy niszczyli państwo i podważali wolę Narodu! Będziemy walczyć! Do końca! 🇵🇱",43,1501,633,2177,19-06-25,334,44,,https://nitter.net/szefernaker/status/1935779861139759263#m
71,Fisz33r,Kto za to zaplaci? A o kopertowe co to do skutku nie doszly t3z tak sie martwiles? Przeliczyc glosy i wtjasni sie kto jest prezydentem.Skoro wygral Nawrocki czego sie obawiasz?,0,0,0,0,20-06-25,176,30,,https://nitter.net/Fisz33r/status/1936102352894751223#m
72,Swiadomy86,"Bądźcie w gotowości!! W razie czego wszyscy na Warszawę!! Nie damy okraść się z wyborów! Nie bierzcie urlopów, będzie potrzebny każdy!! Karol Nawrocki jedyny Prezydent!",0,4,2,6,20-06-25,168,25,,https://nitter.net/Swiadomy86/status/1936080071191674917#m
73,BatugWojciech,"Amerykański serwis inform. Washigton Reporter: obóz Tuska coraz mocniej forsuje narrację o sfałszowanych wyborach. Powód? Zobowiązania Tuska wobec Brukseli i misja pełnego podporządkowania Polski. Ale pojawił się obrońca interesu narodowego, Karol Nawrocki. Trwa Walka o Polskę.",6,399,2,407,20-06-25,278,36,,https://nitter.net/BatugWojciech/status/1935992913755873546#m
74,JkmMikke,"Sąd Najwyższy prawdopodobnie zdecyduje, że wybory prezydenckie zostaną powtórzone. Termin zostanie wyznaczony za 5 lat. Do tego czasu funkcję prezydenta będzie pełnił p. Karol Nawrocki. ;)",31,1033,227,1291,19-06-25,188,26,,https://nitter.net/JkmMikke/status/1935683017076593080#m
75,januszgut,"Nie wiem czy w tej sytuacji gdy widać juz skalę przekrętów a przerażona Izba Nadzwyczajną utajnia wyniki, Nawrocki będzie chciał sie wprowadzać, bo byłby to jednak obciach gdyby sie okazało że musi sie jednak wyprowadzić za jakiś czas",0,0,0,0,20-06-25,234,38,,https://nitter.net/januszgut/status/1936102236947714234#m
76,KrzKownacki,To będzie pierwszy test dla prezydenta elekta.,0,0,0,0,20-06-25,46,7,,https://nitter.net/KrzKownacki/status/1936102208711377278#m
77,KostrubiecZuza1,"Pilne Karol Nawrocki Prezydentem Polski!Bądźmy razem i wszyscy Jak jeden mąż Obowiązkowo 6 Sierpnia w Warszawie!.Musimy pilnować.🇵🇱Po pierwsze Polska,po pierwsze Polacy.-Prezydent Elekt Karol Nawrocki. #PociagPrawych #Nawrocki25 #EchoHistorii",1,60,3,64,19-06-25,242,27,,https://nitter.net/KostrubiecZuza1/status/1935771283821593046#m
78,spalinskipatryk,Karol Nawrocki jest moim prezydentem.,0,3,14,17,20-06-25,37,5,,https://nitter.net/spalinskipatryk/status/1936100052440957267#m
79,MurzynfrogXXX,Ale pan jest totalnym przegrywem XD Przegraliście demokratyczne wybory i próbujecie robić gnój i syf w przestrzeni medialnej. Karol Nawrocki i tak zostanie prezydentem a wy pozostaniecie przegrywami i to w dodatku z łatką totalnie odklejonych idiotów którym przewodzi Roman Giertych.,1,60,16,77,20-06-25,283,41,,https://nitter.net/MurzynfrogXXX/status/1936081241796694257#m
80,Ren4ta_H,"🇵🇱 Karol Nawrocki, mimo brudnej kampanii wygrał wybory prezydenckie i zostanie Prezydentem Rzeczpospolitej. #Nawrocki2025",2,88,21,111,20-06-25,121,14,,https://nitter.net/Ren4ta_H/status/1936006437328539888#m
81,SuchyBolek,"Nawrocki dawaj przyjeżdżaj na ustawkę robimy, sędzia będziesz",0,0,0,0,20-06-25,61,8,,https://nitter.net/SuchyBolek/status/1936102137072652616#m
82,Piotr_1978_,Jeżeli @Platforma_org unieważni wybory prezydenckie będziemy na ulicy!!! Mamy dość!!! Zgadzasz się? Udostępnij!!! #RT #wybory2025 #WyboryPrezydenckie2025 #Nawrocki2025 #nawrocki,18,866,111,995,20-06-25,177,18,,https://nitter.net/Piotr_1978_/status/1935983691622498612#m
83,DomiGasiorowski,"8/8 Ludzie Czarnka - Osadczy, Rzymkowski promowali niekonstytucyjną nowelizację ustawy IPN. Nawrocki chce podobnych rozwiązań pod pretekstem penalizacji banderyzmu. Dlaczego ludzie Nawrockiego chcą zniszczyć dialog polsko-ukraiński? Czy to na pewno służy Polsce?",0,0,0,0,20-06-25,262,32,,https://nitter.net/DomiGasiorowski/status/1936102120219963646#m
84,KrzKownacki,No proszę. Polska przestała być źródłem taniej siły roboczej. Straszne.,0,0,0,0,20-06-25,71,10,,https://nitter.net/KrzKownacki/status/1936102074519109665#m
85,johnsmiths74,"Pamiętacie co Nawrocki mówił, że ""każdy dzisiaj może być Pileckim""? To jedno, a drugie ""choćbym szedł ciemną doliną, zła się nie ulęknę, bo jesteście ze mną"". I tego się trzymajmy 👍🇵🇱.",4,403,14,421,19-06-25,184,31,,https://nitter.net/johnsmiths74/status/1935812282795409778#m
86,air_kadiush,"🇵🇱Członek PKW Ryszard Kalisz w wywiadzie dla Rzeczpospolitej, mówi o nieprawidłowościach i anomaliach w 3675 komisjach‼️ Były to przypadki, gdzie w gminie, mieście w większości wygrywał @trzaskowski_ , a tylko w jednej Nawrocki. Posłuchajcie. 💥💥💥 #PrzeliczmyGlosy",3,140,8,151,20-06-25,263,36,,https://nitter.net/air_kadiush/status/1936083104805904677#m
87,KostrubiecZuza1,"Pilne Karol Nawrocki Prezydentem Polski! Bądźmy razem i wszyscy Jak jeden mąż Obowiązkowo 6 Sierpnia w Warszawie!!!! Musimy pilnować. 🇵🇱 Po pierwsze Polska,po pierwsze Polacy.- Prezydent Elekt Karol Nawrocki. #NawrockiPrezydent2025 #SympatycyPanaNawrockiego",0,13,1,14,19-06-25,257,31,,https://nitter.net/KostrubiecZuza1/status/1935742840090361960#m
88,tytulec1,"No i niech sobie sprawdzają a wedykt już wydany, wygrał Nawrocki i koniec kropka",0,0,0,0,20-06-25,80,14,,https://nitter.net/tytulec1/status/1936102027517436071#m
89,techdemocracy,"Meet @TechDemocracy leaders driving the shift: @Tony Nawrocki – SVP, Identity Services @ Michael Kreppein – VP, Sales @ Craig Shaw – Sr. Advisor, Growth & Customer Success June 25 | 9:30 AM – 5:00 PM EDT If you’re attending, come find us at our #booth.",0,0,1,1,20-06-25,252,46,,https://nitter.net/techdemocracy/status/1936102611285164076#m
90,HolinkaPis,Mój Prezydent Karol Nawrocki. #PrezydentRPKarolNawrocki,0,46,5,51,19-06-25,55,5,,https://nitter.net/HolinkaPis/status/1935790024169034067#m
91,Piotr_1978_,Jeżeli @Platforma_org unieważni wybory prezydenckie będziemy na ulicy!!! Mamy dość!!! Zgadzasz się? Udostępnij!!! #RT #wybory2025 #WyboryPrezydenckie2025 #Nawrocki2025 #nawrocki,18,866,111,995,20-06-25,177,18,,https://nitter.net/Piotr_1978_/status/1935983691622498612#m
92,PrawusKris2005,"Wy mówiliście, że Karol Nawrocki przegra stosunkiem 60:40% z Rafałem Trzaskowskim🤣. Przegraliście pomimo całego aparatu państwa zaangażowanego do walki z naszym kandydatem. Wstyd mi że szef polskiego rządu wrzucał takie bzdury. Pan serio myślał serio, że tak będzie?",0,13,2,15,20-06-25,266,38,,https://nitter.net/PrawusKris2005/status/1936086768593391795#m
93,air_kadiush,"🇵🇱Członek PKW Ryszard Kalisz w wywiadzie dla Rzeczpospolitej, mówi o nieprawidłowościach i anomaliach w 3675 komisjach‼️ Były to przypadki, gdzie w gminie, mieście w większości wygrywał @trzaskowski_ , a tylko w jednej Nawrocki. Posłuchajcie. 💥💥💥 #PrzeliczmyGlosy",3,140,8,151,20-06-25,263,36,,https://nitter.net/air_kadiush/status/1936083104805904677#m
94,KrzKownacki,Nawrocki jest tylko awatarem Kaczyńskiego. Od niczego się nie odciął a w wieczór wyborczy mało nie zrobił Kaczyńskiemu laski.,0,0,0,0,20-06-25,125,19,,https://nitter.net/KrzKownacki/status/1936102528757923936#m
95,MurzynfrogXXX,Mam dla pani bardzo smutne informacje. Otóż parą prezydencka to Andrzej Duda i Agata Kornhauser Duda. Co więcej... Od 6 sierpnia nową parą prezydencką będzie Karol Nawrocki i Marta Nawrocka.,0,4,2,6,20-06-25,190,30,,https://nitter.net/MurzynfrogXXX/status/1936045326903001138#m
96,urbacze1,#Nawrocki2025 #PociągPrawych #TuskDoDymisji Nie damy podważyć uczciwego wyniku wyborów ! Karol Nawrocki- legalnie wybrany Prezydent suwerennej Polski 🇵🇱✌,4,73,10,87,20-06-25,153,18,,https://nitter.net/urbacze1/status/1935945691370504428#m
97,wolfmaahn,Polens: Ist Nawrocki der rechtmäßige Sieger? Bei der Präsidentenwahl sollen in erheblicher Anzahl Stimmen vertauscht worden sein. Das Oberste Gericht ordnete nun eine erste Neuauszählung an. faz.net/aktuell/politik/ausl…,2,77,2,81,20-06-25,220,27,,https://nitter.net/wolfmaahn/status/1935959653382320529#m
98,KnightCziwi,Prezydentem jest Karol Nawrocki 🇵🇱,1,76,2,79,20-06-25,34,5,,https://nitter.net/KnightCziwi/status/1935986263477436883#m
99,Ren4ta_H,"🇵🇱 Karol Nawrocki, mimo brudnej kampanii wygrał wybory prezydenckie i zostanie Prezydentem Rzeczpospolitej. #Nawrocki2025",2,88,21,111,20-06-25,121,14,,https://nitter.net/Ren4ta_H/status/1936006437328539888#m
100,karnkowski,"Mówisz, że alfons, sutener, złodziej i bandyta nie będzie nigdy twoim prezydentem. Moim również nie - ponieważ moim prezydentem będzie historyk, szef Instytutu Pamięci Narodowej, dr Karol Nawrocki.",7,674,91,772,19-06-25,197,28,,https://nitter.net/karnkowski/status/1935748116642181310#m
101,swallow1560,Może zapomniał o rozwodzie jak Nawrocki o mieszkaniach,0,0,0,0,20-06-25,54,8,,https://nitter.net/swallow1560/status/1936102363678302540#m
102,szefernaker,"Nielegalnie odebrali środki na kampanię #Nawrocki2025 i atakowali każdego dnia wykorzystując cały aparat państwa. Mimo tego dzięki głosom milionów Polaków Karol Nawrocki zdecydowanie wygrał wybory. Nie pozwolimy, by sfrustrowani politycy lecząc swoje kompleksy niszczyli państwo i podważali wolę Narodu! Będziemy walczyć! Do końca! 🇵🇱",43,1502,633,2178,19-06-25,334,44,,https://nitter.net/szefernaker/status/1935779861139759263#m
103,Fisz33r,Kto za to zaplaci? A o kopertowe co to do skutku nie doszly t3z tak sie martwiles? Przeliczyc glosy i wtjasni sie kto jest prezydentem.Skoro wygral Nawrocki czego sie obawiasz?,0,0,0,0,20-06-25,176,30,,https://nitter.net/Fisz33r/status/1936102352894751223#m
104,Ren4ta_H,"🇵🇱 Karol Nawrocki, mimo brudnej kampanii wygrał wybory prezydenckie i zostanie Prezydentem Rzeczpospolitej. #Nawrocki2025",2,88,21,111,20-06-25,121,14,,https://nitter.net/Ren4ta_H/status/1936006437328539888#m
105,Swiadomy86,"Bądźcie w gotowości!! W razie czego wszyscy na Warszawę!! Nie damy okraść się z wyborów! Nie bierzcie urlopów, będzie potrzebny każdy!! Karol Nawrocki jedyny Prezydent!",0,4,2,6,20-06-25,168,25,,https://nitter.net/Swiadomy86/status/1936080071191674917#m
106,BatugWojciech,"Amerykański serwis inform. Washigton Reporter: obóz Tuska coraz mocniej forsuje narrację o sfałszowanych wyborach. Powód? Zobowiązania Tuska wobec Brukseli i misja pełnego podporządkowania Polski. Ale pojawił się obrońca interesu narodowego, Karol Nawrocki. Trwa Walka o Polskę.",6,399,2,407,20-06-25,278,36,,https://nitter.net/BatugWojciech/status/1935992913755873546#m
107,JkmMikke,"Sąd Najwyższy prawdopodobnie zdecyduje, że wybory prezydenckie zostaną powtórzone. Termin zostanie wyznaczony za 5 lat. Do tego czasu funkcję prezydenta będzie pełnił p. Karol Nawrocki. ;)",31,1033,227,1291,19-06-25,188,26,,https://nitter.net/JkmMikke/status/1935683017076593080#m
108,januszgut,"Nie wiem czy w tej sytuacji gdy widać juz skalę przekrętów a przerażona Izba Nadzwyczajną utajnia wyniki, Nawrocki będzie chciał sie wprowadzać, bo byłby to jednak obciach gdyby sie okazało że musi sie jednak wyprowadzić za jakiś czas",0,0,0,0,20-06-25,234,38,,https://nitter.net/januszgut/status/1936102236947714234#m
109,KrzKownacki,To będzie pierwszy test dla prezydenta elekta.,0,0,0,0,20-06-25,46,7,,https://nitter.net/KrzKownacki/status/1936102208711377278#m
110,KostrubiecZuza1,"Pilne Karol Nawrocki Prezydentem Polski!Bądźmy razem i wszyscy Jak jeden mąż Obowiązkowo 6 Sierpnia w Warszawie!.Musimy pilnować.🇵🇱Po pierwsze Polska,po pierwsze Polacy.-Prezydent Elekt Karol Nawrocki. #PociagPrawych #Nawrocki25 #EchoHistorii",1,60,3,64,19-06-25,242,27,,https://nitter.net/KostrubiecZuza1/status/1935771283821593046#m
111,spalinskipatryk,Karol Nawrocki jest moim prezydentem.,0,3,15,18,20-06-25,37,5,,https://nitter.net/spalinskipatryk/status/1936100052440957267#m
112,MurzynfrogXXX,Ale pan jest totalnym przegrywem XD Przegraliście demokratyczne wybory i próbujecie robić gnój i syf w przestrzeni medialnej. Karol Nawrocki i tak zostanie prezydentem a wy pozostaniecie przegrywami i to w dodatku z łatką totalnie odklejonych idiotów którym przewodzi Roman Giertych.,1,60,16,77,20-06-25,283,41,,https://nitter.net/MurzynfrogXXX/status/1936081241796694257#m
113,SuchyBolek,"Nawrocki dawaj przyjeżdżaj na ustawkę robimy, sędzia będziesz",0,0,0,0,20-06-25,61,8,,https://nitter.net/SuchyBolek/status/1936102137072652616#m
114,Piotr_1978_,Jeżeli @Platforma_org unieważni wybory prezydenckie będziemy na ulicy!!! Mamy dość!!! Zgadzasz się? Udostępnij!!! #RT #wybory2025 #WyboryPrezydenckie2025 #Nawrocki2025 #nawrocki,18,866,111,995,20-06-25,177,18,,https://nitter.net/Piotr_1978_/status/1935983691622498612#m
115,DomiGasiorowski,"8/8 Ludzie Czarnka - Osadczy, Rzymkowski promowali niekonstytucyjną nowelizację ustawy IPN. Nawrocki chce podobnych rozwiązań pod pretekstem penalizacji banderyzmu. Dlaczego ludzie Nawrockiego chcą zniszczyć dialog polsko-ukraiński? Czy to na pewno służy Polsce?",0,0,0,0,20-06-25,262,32,,https://nitter.net/DomiGasiorowski/status/1936102120219963646#m
116,KrzKownacki,No proszę. Polska przestała być źródłem taniej siły roboczej. Straszne.,0,0,0,0,20-06-25,71,10,,https://nitter.net/KrzKownacki/status/1936102074519109665#m
117,johnsmiths74,"Pamiętacie co Nawrocki mówił, że ""każdy dzisiaj może być Pileckim""? To jedno, a drugie ""choćbym szedł ciemną doliną, zła się nie ulęknę, bo jesteście ze mną"". I tego się trzymajmy 👍🇵🇱.",4,403,14,421,19-06-25,184,31,,https://nitter.net/johnsmiths74/status/1935812282795409778#m
118,air_kadiush,"🇵🇱Członek PKW Ryszard Kalisz w wywiadzie dla Rzeczpospolitej, mówi o nieprawidłowościach i anomaliach w 3675 komisjach‼️ Były to przypadki, gdzie w gminie, mieście w większości wygrywał @trzaskowski_ , a tylko w jednej Nawrocki. Posłuchajcie. 💥💥💥 #PrzeliczmyGlosy",3,140,8,151,20-06-25,263,36,,https://nitter.net/air_kadiush/status/1936083104805904677#m
119,Dorota_2017,"PKW, podaje ,ze nie wie jaki jest wynik wyborów, ma to ustalić SN (nie IKNiSP, bo nie jest sądem) a PSL, Hołowni, Lewica, Razemki mówią nam: Polacy nic się nie stało, wygrał Nawrocki. Tak wygląda demokracja , o którą 8 lat walczyliśmy. Polityczne mafie mają się dobrze-wszystkie..",2,35,5,42,20-06-25,280,47,,https://nitter.net/Dorota_2017/status/1936072615002534335#m
120,MacVVilk,Ja to tylko tak tu zostawię...,2,70,10,82,20-06-25,30,6,,https://nitter.net/MacVVilk/status/1936078732982468663#m
121,szefernaker,"Nielegalnie odebrali środki na kampanię #Nawrocki2025 i atakowali każdego dnia wykorzystując cały aparat państwa. Mimo tego dzięki głosom milionów Polaków Karol Nawrocki zdecydowanie wygrał wybory. Nie pozwolimy, by sfrustrowani politycy lecząc swoje kompleksy niszczyli państwo i podważali wolę Narodu! Będziemy walczyć! Do końca! 🇵🇱",43,1502,633,2178,19-06-25,334,44,,https://nitter.net/szefernaker/status/1935779861139759263#m
122,techdemocracy,"Meet @TechDemocracy leaders driving the shift: @Tony Nawrocki – SVP, Identity Services @ Michael Kreppein – VP, Sales @ Craig Shaw – Sr. Advisor, Growth & Customer Success June 25 | 9:30 AM – 5:00 PM EDT If you’re attending, come find us at our #booth.",0,0,1,1,20-06-25,252,46,,https://nitter.net/techdemocracy/status/1936102611285164076#m
123,HolinkaPis,Mój Prezydent Karol Nawrocki. #PrezydentRPKarolNawrocki,0,46,5,51,19-06-25,55,5,,https://nitter.net/HolinkaPis/status/1935790024169034067#m
124,LachMateus86521,"Karol Nawrocki @NawrockiKn 10 606 877 głosów Rafał Trzaskowski @trzaskowski_ 10 237 286 głosów Różnica 369 591 Wystarczy 184 796 Poniżej, w postaci ""Threads"" będę wklejał jawne, potwierdzone pomyłki z poszczególnych komisji #WyboryPrezydenckie2025 #PKW #PrzeliczyćGłosy",18,589,89,696,19-06-25,269,35,,https://nitter.net/LachMateus86521/status/1935621191818952777#m
125,Piotr_1978_,Jeżeli @Platforma_org unieważni wybory prezydenckie będziemy na ulicy!!! Mamy dość!!! Zgadzasz się? Udostępnij!!! #RT #wybory2025 #WyboryPrezydenckie2025 #Nawrocki2025 #nawrocki,18,866,111,995,20-06-25,177,18,,https://nitter.net/Piotr_1978_/status/1935983691622498612#m
126,wolfmaahn,Polens: Ist Nawrocki der rechtmäßige Sieger? Bei der Präsidentenwahl sollen in erheblicher Anzahl Stimmen vertauscht worden sein. Das Oberste Gericht ordnete nun eine erste Neuauszählung an. faz.net/aktuell/politik/ausl…,2,77,2,81,20-06-25,220,27,,https://nitter.net/wolfmaahn/status/1935959653382320529#m
127,PrawusKris2005,"Wy mówiliście, że Karol Nawrocki przegra stosunkiem 60:40% z Rafałem Trzaskowskim🤣. Przegraliście pomimo całego aparatu państwa zaangażowanego do walki z naszym kandydatem. Wstyd mi że szef polskiego rządu wrzucał takie bzdury. Pan serio myślał serio, że tak będzie?",0,13,2,15,20-06-25,266,38,,https://nitter.net/PrawusKris2005/status/1936086768593391795#m
128,air_kadiush,"🇵🇱Członek PKW Ryszard Kalisz w wywiadzie dla Rzeczpospolitej, mówi o nieprawidłowościach i anomaliach w 3675 komisjach‼️ Były to przypadki, gdzie w gminie, mieście w większości wygrywał @trzaskowski_ , a tylko w jednej Nawrocki. Posłuchajcie. 💥💥💥 #PrzeliczmyGlosy",3,141,8,152,20-06-25,263,36,,https://nitter.net/air_kadiush/status/1936083104805904677#m
129,KrzKownacki,Nawrocki jest tylko awatarem Kaczyńskiego. Od niczego się nie odciął a w wieczór wyborczy mało nie zrobił Kaczyńskiemu laski.,0,0,0,0,20-06-25,125,19,,https://nitter.net/KrzKownacki/status/1936102528757923936#m
130,MurzynfrogXXX,Mam dla pani bardzo smutne informacje. Otóż parą prezydencka to Andrzej Duda i Agata Kornhauser Duda. Co więcej... Od 6 sierpnia nową parą prezydencką będzie Karol Nawrocki i Marta Nawrocka.,0,4,2,6,20-06-25,190,30,,https://nitter.net/MurzynfrogXXX/status/1936045326903001138#m
131,urbacze1,#Nawrocki2025 #PociągPrawych #TuskDoDymisji Nie damy podważyć uczciwego wyniku wyborów ! Karol Nawrocki- legalnie wybrany Prezydent suwerennej Polski 🇵🇱✌,4,73,10,87,20-06-25,153,18,,https://nitter.net/urbacze1/status/1935945691370504428#m
132,KnightCziwi,Prezydentem jest Karol Nawrocki 🇵🇱,1,76,2,79,20-06-25,34,5,,https://nitter.net/KnightCziwi/status/1935986263477436883#m
133,Ren4ta_H,"🇵🇱 Karol Nawrocki, mimo brudnej kampanii wygrał wybory prezydenckie i zostanie Prezydentem Rzeczpospolitej. #Nawrocki2025",2,88,21,111,20-06-25,121,14,,https://nitter.net/Ren4ta_H/status/1936006437328539888#m
134,karnkowski,"Mówisz, że alfons, sutener, złodziej i bandyta nie będzie nigdy twoim prezydentem. Moim również nie - ponieważ moim prezydentem będzie historyk, szef Instytutu Pamięci Narodowej, dr Karol Nawrocki.",7,674,91,772,19-06-25,197,28,,https://nitter.net/karnkowski/status/1935748116642181310#m
135,air_kadiush,"🇵🇱Członek PKW Ryszard Kalisz w wywiadzie dla Rzeczpospolitej, mówi o nieprawidłowościach i anomaliach w 3675 komisjach‼️ Były to przypadki, gdzie w gminie, mieście w większości wygrywał @trzaskowski_ , a tylko w jednej Nawrocki. Posłuchajcie. 💥💥💥 #PrzeliczmyGlosy",3,142,8,153,20-06-25,263,36,,https://nitter.net/air_kadiush/status/1936083104805904677#m
136,swallow1560,Może zapomniał o rozwodzie jak Nawrocki o mieszkaniach,0,0,0,0,20-06-25,54,8,,https://nitter.net/swallow1560/status/1936102363678302540#m
137,szefernaker,"Nielegalnie odebrali środki na kampanię #Nawrocki2025 i atakowali każdego dnia wykorzystując cały aparat państwa. Mimo tego dzięki głosom milionów Polaków Karol Nawrocki zdecydowanie wygrał wybory. Nie pozwolimy, by sfrustrowani politycy lecząc swoje kompleksy niszczyli państwo i podważali wolę Narodu! Będziemy walczyć! Do końca! 🇵🇱",43,1502,633,2178,19-06-25,334,44,,https://nitter.net/szefernaker/status/1935779861139759263#m
138,Fisz33r,Kto za to zaplaci? A o kopertowe co to do skutku nie doszly t3z tak sie martwiles? Przeliczyc glosy i wtjasni sie kto jest prezydentem.Skoro wygral Nawrocki czego sie obawiasz?,0,0,0,0,20-06-25,176,30,,https://nitter.net/Fisz33r/status/1936102352894751223#m
139,Ren4ta_H,"🇵🇱 Karol Nawrocki, mimo brudnej kampanii wygrał wybory prezydenckie i zostanie Prezydentem Rzeczpospolitej. #Nawrocki2025",2,88,21,111,20-06-25,121,14,,https://nitter.net/Ren4ta_H/status/1936006437328539888#m
140,Swiadomy86,"Bądźcie w gotowości!! W razie czego wszyscy na Warszawę!! Nie damy okraść się z wyborów! Nie bierzcie urlopów, będzie potrzebny każdy!! Karol Nawrocki jedyny Prezydent!",0,4,2,6,20-06-25,168,25,,https://nitter.net/Swiadomy86/status/1936080071191674917#m
141,BatugWojciech,"Amerykański serwis inform. Washigton Reporter: obóz Tuska coraz mocniej forsuje narrację o sfałszowanych wyborach. Powód? Zobowiązania Tuska wobec Brukseli i misja pełnego podporządkowania Polski. Ale pojawił się obrońca interesu narodowego, Karol Nawrocki. Trwa Walka o Polskę.",6,400,2,408,20-06-25,278,36,,https://nitter.net/BatugWojciech/status/1935992913755873546#m
142,JkmMikke,"Sąd Najwyższy prawdopodobnie zdecyduje, że wybory prezydenckie zostaną powtórzone. Termin zostanie wyznaczony za 5 lat. Do tego czasu funkcję prezydenta będzie pełnił p. Karol Nawrocki. ;)",31,1033,227,1291,19-06-25,188,26,,https://nitter.net/JkmMikke/status/1935683017076593080#m
143,januszgut,"Nie wiem czy w tej sytuacji gdy widać juz skalę przekrętów a przerażona Izba Nadzwyczajną utajnia wyniki, Nawrocki będzie chciał sie wprowadzać, bo byłby to jednak obciach gdyby sie okazało że musi sie jednak wyprowadzić za jakiś czas",0,0,0,0,20-06-25,234,38,,https://nitter.net/januszgut/status/1936102236947714234#m
144,KrzKownacki,To będzie pierwszy test dla prezydenta elekta.,0,0,0,0,20-06-25,46,7,,https://nitter.net/KrzKownacki/status/1936102208711377278#m
145,KostrubiecZuza1,"Pilne Karol Nawrocki Prezydentem Polski!Bądźmy razem i wszyscy Jak jeden mąż Obowiązkowo 6 Sierpnia w Warszawie!.Musimy pilnować.🇵🇱Po pierwsze Polska,po pierwsze Polacy.-Prezydent Elekt Karol Nawrocki. #PociagPrawych #Nawrocki25 #EchoHistorii",1,60,3,64,19-06-25,242,27,,https://nitter.net/KostrubiecZuza1/status/1935771283821593046#m
146,spalinskipatryk,Karol Nawrocki jest moim prezydentem.,0,3,15,18,20-06-25,37,5,,https://nitter.net/spalinskipatryk/status/1936100052440957267#m
147,MurzynfrogXXX,Ale pan jest totalnym przegrywem XD Przegraliście demokratyczne wybory i próbujecie robić gnój i syf w przestrzeni medialnej. Karol Nawrocki i tak zostanie prezydentem a wy pozostaniecie przegrywami i to w dodatku z łatką totalnie odklejonych idiotów którym przewodzi Roman Giertych.,1,60,16,77,20-06-25,283,41,,https://nitter.net/MurzynfrogXXX/status/1936081241796694257#m
148,SuchyBolek,"Nawrocki dawaj przyjeżdżaj na ustawkę robimy, sędzia będziesz",0,0,0,0,20-06-25,61,8,,https://nitter.net/SuchyBolek/status/1936102137072652616#m
149,Piotr_1978_,Jeżeli @Platforma_org unieważni wybory prezydenckie będziemy na ulicy!!! Mamy dość!!! Zgadzasz się? Udostępnij!!! #RT #wybory2025 #WyboryPrezydenckie2025 #Nawrocki2025 #nawrocki,18,866,111,995,20-06-25,177,18,,https://nitter.net/Piotr_1978_/status/1935983691622498612#m
150,DomiGasiorowski,"8/8 Ludzie Czarnka - Osadczy, Rzymkowski promowali niekonstytucyjną nowelizację ustawy IPN. Nawrocki chce podobnych rozwiązań pod pretekstem penalizacji banderyzmu. Dlaczego ludzie Nawrockiego chcą zniszczyć dialog polsko-ukraiński? Czy to na pewno służy Polsce?",0,0,0,0,20-06-25,262,32,,https://nitter.net/DomiGasiorowski/status/1936102120219963646#m
151,MurzynfrogXXX,Ale pan jest totalnym przegrywem XD Przegraliście demokratyczne wybory i próbujecie robić gnój i syf w przestrzeni medialnej. Karol Nawrocki i tak zostanie prezydentem a wy pozostaniecie przegrywami i to w dodatku z łatką totalnie odklejonych idiotów którym przewodzi Roman Giertych.,1,61,16,78,20-06-25,283,41,,https://nitter.net/MurzynfrogXXX/status/1936081241796694257#m
152,BatugWojciech,"Amerykański serwis inform. Washigton Reporter: obóz Tuska coraz mocniej forsuje narrację o sfałszowanych wyborach. Powód? Zobowiązania Tuska wobec Brukseli i misja pełnego podporządkowania Polski. Ale pojawił się obrońca interesu narodowego, Karol Nawrocki. Trwa Walka o Polskę.",6,400,2,408,20-06-25,278,36,,https://nitter.net/BatugWojciech/status/1935992913755873546#m
153,air_kadiush,"🇵🇱Członek PKW Ryszard Kalisz w wywiadzie dla Rzeczpospolitej, mówi o nieprawidłowościach i anomaliach w 3675 komisjach‼️ Były to przypadki, gdzie w gminie, mieście w większości wygrywał @trzaskowski_ , a tylko w jednej Nawrocki. Posłuchajcie. 💥💥💥 #PrzeliczmyGlosy",3,143,8,154,20-06-25,263,36,,https://nitter.net/air_kadiush/status/1936083104805904677#m
154,Dorota_2017,"PKW, podaje ,ze nie wie jaki jest wynik wyborów, ma to ustalić SN (nie IKNiSP, bo nie jest sądem) a PSL, Hołowni, Lewica, Razemki mówią nam: Polacy nic się nie stało, wygrał Nawrocki. Tak wygląda demokracja , o którą 8 lat walczyliśmy. Polityczne mafie mają się dobrze-wszystkie..",2,35,5,42,20-06-25,280,47,,https://nitter.net/Dorota_2017/status/1936072615002534335#m
155,MacVVilk,Ja to tylko tak tu zostawię...,2,71,10,83,20-06-25,30,6,,https://nitter.net/MacVVilk/status/1936078732982468663#m
156,techdemocracy,"Meet @TechDemocracy leaders driving the shift: @Tony Nawrocki – SVP, Identity Services @ Michael Kreppein – VP, Sales @ Craig Shaw – Sr. Advisor, Growth & Customer Success June 25 | 9:30 AM – 5:00 PM EDT If you’re attending, come find us at our #booth.",0,0,1,1,20-06-25,252,46,,https://nitter.net/techdemocracy/status/1936102611285164076#m
157,HolinkaPis,Mój Prezydent Karol Nawrocki. #PrezydentRPKarolNawrocki,0,46,5,51,19-06-25,55,5,,https://nitter.net/HolinkaPis/status/1935790024169034067#m
158,Piotr_1978_,Jeżeli @Platforma_org unieważni wybory prezydenckie będziemy na ulicy!!! Mamy dość!!! Zgadzasz się? Udostępnij!!! #RT #wybory2025 #WyboryPrezydenckie2025 #Nawrocki2025 #nawrocki,18,866,111,995,20-06-25,177,18,,https://nitter.net/Piotr_1978_/status/1935983691622498612#m
159,PrawusKris2005,"Wy mówiliście, że Karol Nawrocki przegra stosunkiem 60:40% z Rafałem Trzaskowskim🤣. Przegraliście pomimo całego aparatu państwa zaangażowanego do walki z naszym kandydatem. Wstyd mi że szef polskiego rządu wrzucał takie bzdury. Pan serio myślał serio, że tak będzie?",0,13,2,15,20-06-25,266,38,,https://nitter.net/PrawusKris2005/status/1936086768593391795#m
160,KrzKownacki,Nawrocki jest tylko awatarem Kaczyńskiego. Od niczego się nie odciął a w wieczór wyborczy mało nie zrobił Kaczyńskiemu laski.,0,0,0,0,20-06-25,125,19,,https://nitter.net/KrzKownacki/status/1936102528757923936#m
161,MurzynfrogXXX,Mam dla pani bardzo smutne informacje. Otóż parą prezydencka to Andrzej Duda i Agata Kornhauser Duda. Co więcej... Od 6 sierpnia nową parą prezydencką będzie Karol Nawrocki i Marta Nawrocka.,0,4,2,6,20-06-25,190,30,,https://nitter.net/MurzynfrogXXX/status/1936045326903001138#m
162,urbacze1,#Nawrocki2025 #PociągPrawych #TuskDoDymisji Nie damy podważyć uczciwego wyniku wyborów ! Karol Nawrocki- legalnie wybrany Prezydent suwerennej Polski 🇵🇱✌,4,73,10,87,20-06-25,153,18,,https://nitter.net/urbacze1/status/1935945691370504428#m
163,wolfmaahn,Polens: Ist Nawrocki der rechtmäßige Sieger? Bei der Präsidentenwahl sollen in erheblicher Anzahl Stimmen vertauscht worden sein. Das Oberste Gericht ordnete nun eine erste Neuauszählung an. faz.net/aktuell/politik/ausl…,2,77,2,81,20-06-25,220,27,,https://nitter.net/wolfmaahn/status/1935959653382320529#m
164,KnightCziwi,Prezydentem jest Karol Nawrocki 🇵🇱,1,76,2,79,20-06-25,34,5,,https://nitter.net/KnightCziwi/status/1935986263477436883#m
165,Ren4ta_H,"🇵🇱 Karol Nawrocki, mimo brudnej kampanii wygrał wybory prezydenckie i zostanie Prezydentem Rzeczpospolitej. #Nawrocki2025",2,88,21,111,20-06-25,121,14,,https://nitter.net/Ren4ta_H/status/1936006437328539888#m
166,karnkowski,"Mówisz, że alfons, sutener, złodziej i bandyta nie będzie nigdy twoim prezydentem. Moim również nie - ponieważ moim prezydentem będzie historyk, szef Instytutu Pamięci Narodowej, dr Karol Nawrocki.",7,674,91,772,19-06-25,197,28,,https://nitter.net/karnkowski/status/1935748116642181310#m
167,air_kadiush,"🇵🇱Członek PKW Ryszard Kalisz w wywiadzie dla Rzeczpospolitej, mówi o nieprawidłowościach i anomaliach w 3675 komisjach‼️ Były to przypadki, gdzie w gminie, mieście w większości wygrywał @trzaskowski_ , a tylko w jednej Nawrocki. Posłuchajcie. 💥💥💥 #PrzeliczmyGlosy",3,143,8,154,20-06-25,263,36,,https://nitter.net/air_kadiush/status/1936083104805904677#m
168,swallow1560,Może zapomniał o rozwodzie jak Nawrocki o mieszkaniach,0,0,0,0,20-06-25,54,8,,https://nitter.net/swallow1560/status/1936102363678302540#m
169,szefernaker,"Nielegalnie odebrali środki na kampanię #Nawrocki2025 i atakowali każdego dnia wykorzystując cały aparat państwa. Mimo tego dzięki głosom milionów Polaków Karol Nawrocki zdecydowanie wygrał wybory. Nie pozwolimy, by sfrustrowani politycy lecząc swoje kompleksy niszczyli państwo i podważali wolę Narodu! Będziemy walczyć! Do końca! 🇵🇱",43,1502,633,2178,19-06-25,334,44,,https://nitter.net/szefernaker/status/1935779861139759263#m
170,Fisz33r,Kto za to zaplaci? A o kopertowe co to do skutku nie doszly t3z tak sie martwiles? Przeliczyc glosy i wtjasni sie kto jest prezydentem.Skoro wygral Nawrocki czego sie obawiasz?,0,0,0,0,20-06-25,176,30,,https://nitter.net/Fisz33r/status/1936102352894751223#m
171,Swiadomy86,"Bądźcie w gotowości!! W razie czego wszyscy na Warszawę!! Nie damy okraść się z wyborów! Nie bierzcie urlopów, będzie potrzebny każdy!! Karol Nawrocki jedyny Prezydent!",0,4,2,6,20-06-25,168,25,,https://nitter.net/Swiadomy86/status/1936080071191674917#m
172,BatugWojciech,"Amerykański serwis inform. Washigton Reporter: obóz Tuska coraz mocniej forsuje narrację o sfałszowanych wyborach. Powód? Zobowiązania Tuska wobec Brukseli i misja pełnego podporządkowania Polski. Ale pojawił się obrońca interesu narodowego, Karol Nawrocki. Trwa Walka o Polskę.",6,400,2,408,20-06-25,278,36,,https://nitter.net/BatugWojciech/status/1935992913755873546#m
173,JkmMikke,"Sąd Najwyższy prawdopodobnie zdecyduje, że wybory prezydenckie zostaną powtórzone. Termin zostanie wyznaczony za 5 lat. Do tego czasu funkcję prezydenta będzie pełnił p. Karol Nawrocki. ;)",31,1033,227,1291,19-06-25,188,26,,https://nitter.net/JkmMikke/status/1935683017076593080#m
174,januszgut,"Nie wiem czy w tej sytuacji gdy widać juz skalę przekrętów a przerażona Izba Nadzwyczajną utajnia wyniki, Nawrocki będzie chciał sie wprowadzać, bo byłby to jednak obciach gdyby sie okazało że musi sie jednak wyprowadzić za jakiś czas",0,0,0,0,20-06-25,234,38,,https://nitter.net/januszgut/status/1936102236947714234#m
175,KrzKownacki,To będzie pierwszy test dla prezydenta elekta.,0,0,0,0,20-06-25,46,7,,https://nitter.net/KrzKownacki/status/1936102208711377278#m
176,KostrubiecZuza1,"Pilne Karol Nawrocki Prezydentem Polski!Bądźmy razem i wszyscy Jak jeden mąż Obowiązkowo 6 Sierpnia w Warszawie!.Musimy pilnować.🇵🇱Po pierwsze Polska,po pierwsze Polacy.-Prezydent Elekt Karol Nawrocki. #PociagPrawych #Nawrocki25 #EchoHistorii",1,60,3,64,19-06-25,242,27,,https://nitter.net/KostrubiecZuza1/status/1935771283821593046#m
177,spalinskipatryk,Karol Nawrocki jest moim prezydentem.,0,3,17,20,20-06-25,37,5,,https://nitter.net/spalinskipatryk/status/1936100052440957267#m
178,MurzynfrogXXX,Ale pan jest totalnym przegrywem XD Przegraliście demokratyczne wybory i próbujecie robić gnój i syf w przestrzeni medialnej. Karol Nawrocki i tak zostanie prezydentem a wy pozostaniecie przegrywami i to w dodatku z łatką totalnie odklejonych idiotów którym przewodzi Roman Giertych.,1,61,16,78,20-06-25,283,41,,https://nitter.net/MurzynfrogXXX/status/1936081241796694257#m
179,Piotr_1978_,Jeżeli @Platforma_org unieważni wybory prezydenckie będziemy na ulicy!!! Mamy dość!!! Zgadzasz się? Udostępnij!!! #RT #wybory2025 #WyboryPrezydenckie2025 #Nawrocki2025 #nawrocki,18,867,111,996,20-06-25,177,18,,https://nitter.net/Piotr_1978_/status/1935983691622498612#m
180,MurzynfrogXXX,Ale pan jest totalnym przegrywem XD Przegraliście demokratyczne wybory i próbujecie robić gnój i syf w przestrzeni medialnej. Karol Nawrocki i tak zostanie prezydentem a wy pozostaniecie przegrywami i to w dodatku z łatką totalnie odklejonych idiotów którym przewodzi Roman Giertych.,1,62,16,79,20-06-25,283,41,,https://nitter.net/MurzynfrogXXX/status/1936081241796694257#m
181,de_Talleyrand_,"Porównajcie sobie pokolenie 30-40 latków z PiS np. Kanthak, Horała, Tarczyński, Jaki, Buda, Fogiel, Szefernaker i można tak długo wymieniać, z takim samym pokoleniem w PO: Juzefaciuk, Jachira, Szłapka, Myrchowie, Gasiuk-Pihowicz, Wasiewicz, Pomaska... Przecież to jest przepaść.",7,482,82,571,20-06-25,278,37,,https://nitter.net/de_Talleyrand_/status/1936065346336694614#m
182,Palucki_B,Czemu w internecie i mediach cisza o kompromitacji językowej naszego WICEPREMIERA? Gdyby to był Andrzej Duda albo Karol Nawrocki to cały świat dziennikarstwa i znawcy języka angielskiego cały dzień grzaliby temat. Podwójne standardy... Nienawidzę tego.,18,657,48,723,18-06-25,252,35,,https://nitter.net/Palucki_B/status/1935443022310715454#m
183,Nawrocki25,"🇵🇱 Polska wymaga tego, aby Prezydent z Premierem dyskutowali o przyszłości Polski. Natomiast są rzeczy, w których ja będę stanowczy i silny. Będę poszukiwał porozumienia w tych rzeczach, które są w stanie nas zbliżyć dla dobra Polski - Prezydent Elekt Karol Nawrocki.",12,395,90,497,20-06-25,267,42,,https://nitter.net/Nawrocki25/status/1935987258479321196#m
184,air_kadiush,"🇵🇱Członek PKW Ryszard Kalisz w wywiadzie dla Rzeczpospolitej, mówi o nieprawidłowościach i anomaliach w 3675 komisjach‼️ Były to przypadki, gdzie w gminie, mieście w większości wygrywał @trzaskowski_ , a tylko w jednej Nawrocki. Posłuchajcie. 💥💥💥 #PrzeliczmyGlosy",3,143,8,154,20-06-25,263,36,,https://nitter.net/air_kadiush/status/1936083104805904677#m
185,BatugWojciech,"Amerykański serwis inform. Washigton Reporter: obóz Tuska coraz mocniej forsuje narrację o sfałszowanych wyborach. Powód? Zobowiązania Tuska wobec Brukseli i misja pełnego podporządkowania Polski. Ale pojawił się obrońca interesu narodowego, Karol Nawrocki. Trwa Walka o Polskę.",6,400,2,408,20-06-25,278,36,,https://nitter.net/BatugWojciech/status/1935992913755873546#m
186,Dorota_2017,"PKW, podaje ,ze nie wie jaki jest wynik wyborów, ma to ustalić SN (nie IKNiSP, bo nie jest sądem) a PSL, Hołowni, Lewica, Razemki mówią nam: Polacy nic się nie stało, wygrał Nawrocki. Tak wygląda demokracja , o którą 8 lat walczyliśmy. Polityczne mafie mają się dobrze-wszystkie..",2,35,5,42,20-06-25,280,47,,https://nitter.net/Dorota_2017/status/1936072615002534335#m
187,MacVVilk,Ja to tylko tak tu zostawię...,2,71,10,83,20-06-25,30,6,,https://nitter.net/MacVVilk/status/1936078732982468663#m
188,techdemocracy,"Meet @TechDemocracy leaders driving the shift: @Tony Nawrocki – SVP, Identity Services @ Michael Kreppein – VP, Sales @ Craig Shaw – Sr. Advisor, Growth & Customer Success June 25 | 9:30 AM – 5:00 PM EDT If you’re attending, come find us at our #booth.",0,0,1,1,20-06-25,252,46,,https://nitter.net/techdemocracy/status/1936102611285164076#m
189,HolinkaPis,Mój Prezydent Karol Nawrocki. #PrezydentRPKarolNawrocki,0,46,5,51,19-06-25,55,5,,https://nitter.net/HolinkaPis/status/1935790024169034067#m
190,PrawusKris2005,"Wy mówiliście, że Karol Nawrocki przegra stosunkiem 60:40% z Rafałem Trzaskowskim🤣. Przegraliście pomimo całego aparatu państwa zaangażowanego do walki z naszym kandydatem. Wstyd mi że szef polskiego rządu wrzucał takie bzdury. Pan serio myślał serio, że tak będzie?",0,13,2,15,20-06-25,266,38,,https://nitter.net/PrawusKris2005/status/1936086768593391795#m
191,air_kadiush,"🇵🇱Członek PKW Ryszard Kalisz w wywiadzie dla Rzeczpospolitej, mówi o nieprawidłowościach i anomaliach w 3675 komisjach‼️ Były to przypadki, gdzie w gminie, mieście w większości wygrywał @trzaskowski_ , a tylko w jednej Nawrocki. Posłuchajcie. 💥💥💥 #PrzeliczmyGlosy",3,143,8,154,20-06-25,263,36,,https://nitter.net/air_kadiush/status/1936083104805904677#m
192,KrzKownacki,Nawrocki jest tylko awatarem Kaczyńskiego. Od niczego się nie odciął a w wieczór wyborczy mało nie zrobił Kaczyńskiemu laski.,0,0,0,0,20-06-25,125,19,,https://nitter.net/KrzKownacki/status/1936102528757923936#m
193,MurzynfrogXXX,Mam dla pani bardzo smutne informacje. Otóż parą prezydencka to Andrzej Duda i Agata Kornhauser Duda. Co więcej... Od 6 sierpnia nową parą prezydencką będzie Karol Nawrocki i Marta Nawrocka.,0,4,2,6,20-06-25,190,30,,https://nitter.net/MurzynfrogXXX/status/1936045326903001138#m
194,urbacze1,#Nawrocki2025 #PociągPrawych #TuskDoDymisji Nie damy podważyć uczciwego wyniku wyborów ! Karol Nawrocki- legalnie wybrany Prezydent suwerennej Polski 🇵🇱✌,4,73,10,87,20-06-25,153,18,,https://nitter.net/urbacze1/status/1935945691370504428#m
195,PrawusKris2005,"Wy mówiliście, że Karol Nawrocki przegra stosunkiem 60:40% z Rafałem Trzaskowskim🤣. Przegraliście pomimo całego aparatu państwa zaangażowanego do walki z naszym kandydatem. Wstyd mi że szef polskiego rządu wrzucał takie bzdury. Pan serio myślał serio, że tak będzie?",0,13,2,15,20-06-25,266,38,,https://nitter.net/PrawusKris2005/status/1936086768593391795#m
196,wolfmaahn,Polens: Ist Nawrocki der rechtmäßige Sieger? Bei der Präsidentenwahl sollen in erheblicher Anzahl Stimmen vertauscht worden sein. Das Oberste Gericht ordnete nun eine erste Neuauszählung an. faz.net/aktuell/politik/ausl…,2,77,2,81,20-06-25,220,27,,https://nitter.net/wolfmaahn/status/1935959653382320529#m
197,KnightCziwi,Prezydentem jest Karol Nawrocki 🇵🇱,1,76,2,79,20-06-25,34,5,,https://nitter.net/KnightCziwi/status/1935986263477436883#m
198,Ren4ta_H,"🇵🇱 Karol Nawrocki, mimo brudnej kampanii wygrał wybory prezydenckie i zostanie Prezydentem Rzeczpospolitej. #Nawrocki2025",2,88,21,111,20-06-25,121,14,,https://nitter.net/Ren4ta_H/status/1936006437328539888#m
199,karnkowski,"Mówisz, że alfons, sutener, złodziej i bandyta nie będzie nigdy twoim prezydentem. Moim również nie - ponieważ moim prezydentem będzie historyk, szef Instytutu Pamięci Narodowej, dr Karol Nawrocki.",7,674,91,772,19-06-25,197,28,,https://nitter.net/karnkowski/status/1935748116642181310#m
200,swallow1560,Może zapomniał o rozwodzie jak Nawrocki o mieszkaniach,0,0,0,0,20-06-25,54,8,,https://nitter.net/swallow1560/status/1936102363678302540#m
201,szefernaker,"Nielegalnie odebrali środki na kampanię #Nawrocki2025 i atakowali każdego dnia wykorzystując cały aparat państwa. Mimo tego dzięki głosom milionów Polaków Karol Nawrocki zdecydowanie wygrał wybory. Nie pozwolimy, by sfrustrowani politycy lecząc swoje kompleksy niszczyli państwo i podważali wolę Narodu! Będziemy walczyć! Do końca! 🇵🇱",43,1502,633,2178,19-06-25,334,44,,https://nitter.net/szefernaker/status/1935779861139759263#m
202,Fisz33r,Kto za to zaplaci? A o kopertowe co to do skutku nie doszly t3z tak sie martwiles? Przeliczyc glosy i wtjasni sie kto jest prezydentem.Skoro wygral Nawrocki czego sie obawiasz?,0,0,0,0,20-06-25,176,30,,https://nitter.net/Fisz33r/status/1936102352894751223#m
203,Swiadomy86,"Bądźcie w gotowości!! W razie czego wszyscy na Warszawę!! Nie damy okraść się z wyborów! Nie bierzcie urlopów, będzie potrzebny każdy!! Karol Nawrocki jedyny Prezydent!",0,4,2,6,20-06-25,168,25,,https://nitter.net/Swiadomy86/status/1936080071191674917#m
204,BatugWojciech,"Amerykański serwis inform. Washigton Reporter: obóz Tuska coraz mocniej forsuje narrację o sfałszowanych wyborach. Powód? Zobowiązania Tuska wobec Brukseli i misja pełnego podporządkowania Polski. Ale pojawił się obrońca interesu narodowego, Karol Nawrocki. Trwa Walka o Polskę.",6,400,2,408,20-06-25,278,36,,https://nitter.net/BatugWojciech/status/1935992913755873546#m
205,alojjola,"Szczęśliwego małżeństwa! O, co tutaj widzimy? To ten opresyjny katolicyzm⁉️🙄",7,85,41,133,20-06-25,76,10,,https://nitter.net/alojjola/status/1936050391826743769#m
206,chrzanikx,Daily reminder dla silniczków: Karol Nawrocki wygrał wybory prezydenckie I nic z tym nie zrobicie przez kolejne 5 lat XDDDDD,0,32,26,58,20-06-25,124,20,,https://nitter.net/chrzanikx/status/1935943746031419800#m
207,LKraskowski,"Tandem Giertych-Piński lansuje tezę, że Karol Nawrocki... przegrał wybory. Działają w myśl zasady, że jeżeli rzeczywistość nie zgadza się z ich obrazem świata, to tym gorzej dla rzeczywistości. ""Teraz Nawrocki do więzienia a Polacy ponownie na wybory, ale wcześniej delegalizacja PiS"" - pisze na portalu Wieści24 nieistniejąca dziennikarka Karolina Gorczycka. Tymczasem w propagandową i absurdalną tezę o tym, że wybory zostały sfałszowane nie uwierzył nawet Rafał Trzaskowski. #wybory2025 #wyboryprezydenckie",1,3,2,6,20-06-25,509,69,,https://nitter.net/LKraskowski/status/1936085686127403224#m
208,ania13110,"Sandra,czy to prawda,że ty też,jak Nawrocki robiłaś przekręt na mieszkanie?",0,0,0,0,20-06-25,75,10,,https://nitter.net/ania13110/status/1936102823084605711#m
209,Piotr_1978_,Jeżeli @Platforma_org unieważni wybory prezydenckie będziemy na ulicy!!! Mamy dość!!! Zgadzasz się? Udostępnij!!! #RT #wybory2025 #WyboryPrezydenckie2025 #Nawrocki2025 #nawrocki,18,868,111,997,20-06-25,177,18,,https://nitter.net/Piotr_1978_/status/1935983691622498612#m
210,MurzynfrogXXX,Ale pan jest totalnym przegrywem XD Przegraliście demokratyczne wybory i próbujecie robić gnój i syf w przestrzeni medialnej. Karol Nawrocki i tak zostanie prezydentem a wy pozostaniecie przegrywami i to w dodatku z łatką totalnie odklejonych idiotów którym przewodzi Roman Giertych.,1,62,16,79,20-06-25,283,41,,https://nitter.net/MurzynfrogXXX/status/1936081241796694257#m
211,de_Talleyrand_,"Porównajcie sobie pokolenie 30-40 latków z PiS np. Kanthak, Horała, Tarczyński, Jaki, Buda, Fogiel, Szefernaker i można tak długo wymieniać, z takim samym pokoleniem w PO: Juzefaciuk, Jachira, Szłapka, Myrchowie, Gasiuk-Pihowicz, Wasiewicz, Pomaska... Przecież to jest przepaść.",7,483,82,572,20-06-25,278,37,,https://nitter.net/de_Talleyrand_/status/1936065346336694614#m
212,Palucki_B,Czemu w internecie i mediach cisza o kompromitacji językowej naszego WICEPREMIERA? Gdyby to był Andrzej Duda albo Karol Nawrocki to cały świat dziennikarstwa i znawcy języka angielskiego cały dzień grzaliby temat. Podwójne standardy... Nienawidzę tego.,18,657,48,723,18-06-25,252,35,,https://nitter.net/Palucki_B/status/1935443022310715454#m
213,Nawrocki25,"🇵🇱 Polska wymaga tego, aby Prezydent z Premierem dyskutowali o przyszłości Polski. Natomiast są rzeczy, w których ja będę stanowczy i silny. Będę poszukiwał porozumienia w tych rzeczach, które są w stanie nas zbliżyć dla dobra Polski - Prezydent Elekt Karol Nawrocki.",12,395,90,497,20-06-25,267,42,,https://nitter.net/Nawrocki25/status/1935987258479321196#m
214,air_kadiush,"🇵🇱Członek PKW Ryszard Kalisz w wywiadzie dla Rzeczpospolitej, mówi o nieprawidłowościach i anomaliach w 3675 komisjach‼️ Były to przypadki, gdzie w gminie, mieście w większości wygrywał @trzaskowski_ , a tylko w jednej Nawrocki. Posłuchajcie. 💥💥💥 #PrzeliczmyGlosy",3,143,8,154,20-06-25,263,36,,https://nitter.net/air_kadiush/status/1936083104805904677#m
215,BatugWojciech,"Amerykański serwis inform. Washigton Reporter: obóz Tuska coraz mocniej forsuje narrację o sfałszowanych wyborach. Powód? Zobowiązania Tuska wobec Brukseli i misja pełnego podporządkowania Polski. Ale pojawił się obrońca interesu narodowego, Karol Nawrocki. Trwa Walka o Polskę.",6,400,2,408,20-06-25,278,36,,https://nitter.net/BatugWojciech/status/1935992913755873546#m
216,Dorota_2017,"PKW, podaje ,ze nie wie jaki jest wynik wyborów, ma to ustalić SN (nie IKNiSP, bo nie jest sądem) a PSL, Hołowni, Lewica, Razemki mówią nam: Polacy nic się nie stało, wygrał Nawrocki. Tak wygląda demokracja , o którą 8 lat walczyliśmy. Polityczne mafie mają się dobrze-wszystkie..",2,35,5,42,20-06-25,280,47,,https://nitter.net/Dorota_2017/status/1936072615002534335#m
217,MacVVilk,Ja to tylko tak tu zostawię...,2,72,10,84,20-06-25,30,6,,https://nitter.net/MacVVilk/status/1936078732982468663#m
218,techdemocracy,"Meet @TechDemocracy leaders driving the shift: @Tony Nawrocki – SVP, Identity Services @ Michael Kreppein – VP, Sales @ Craig Shaw – Sr. Advisor, Growth & Customer Success June 25 | 9:30 AM – 5:00 PM EDT If you’re attending, come find us at our #booth.",0,0,1,1,20-06-25,252,46,,https://nitter.net/techdemocracy/status/1936102611285164076#m
219,HolinkaPis,Mój Prezydent Karol Nawrocki. #PrezydentRPKarolNawrocki,0,46,5,51,19-06-25,55,5,,https://nitter.net/HolinkaPis/status/1935790024169034067#m
220,Piotr_1978_,Jeżeli @Platforma_org unieważni wybory prezydenckie będziemy na ulicy!!! Mamy dość!!! Zgadzasz się? Udostępnij!!! #RT #wybory2025 #WyboryPrezydenckie2025 #Nawrocki2025 #nawrocki,18,868,111,997,20-06-25,177,18,,https://nitter.net/Piotr_1978_/status/1935983691622498612#m
221,PrawusKris2005,"Wy mówiliście, że Karol Nawrocki przegra stosunkiem 60:40% z Rafałem Trzaskowskim🤣. Przegraliście pomimo całego aparatu państwa zaangażowanego do walki z naszym kandydatem. Wstyd mi że szef polskiego rządu wrzucał takie bzdury. Pan serio myślał serio, że tak będzie?",0,13,2,15,20-06-25,266,38,,https://nitter.net/PrawusKris2005/status/1936086768593391795#m
222,air_kadiush,"🇵🇱Członek PKW Ryszard Kalisz w wywiadzie dla Rzeczpospolitej, mówi o nieprawidłowościach i anomaliach w 3675 komisjach‼️ Były to przypadki, gdzie w gminie, mieście w większości wygrywał @trzaskowski_ , a tylko w jednej Nawrocki. Posłuchajcie. 💥💥💥 #PrzeliczmyGlosy",3,143,8,154,20-06-25,263,36,,https://nitter.net/air_kadiush/status/1936083104805904677#m
223,KrzKownacki,Nawrocki jest tylko awatarem Kaczyńskiego. Od niczego się nie odciął a w wieczór wyborczy mało nie zrobił Kaczyńskiemu laski.,0,0,0,0,20-06-25,125,19,,https://nitter.net/KrzKownacki/status/1936102528757923936#m
224,MurzynfrogXXX,Mam dla pani bardzo smutne informacje. Otóż parą prezydencka to Andrzej Duda i Agata Kornhauser Duda. Co więcej... Od 6 sierpnia nową parą prezydencką będzie Karol Nawrocki i Marta Nawrocka.,0,4,2,6,20-06-25,190,30,,https://nitter.net/MurzynfrogXXX/status/1936045326903001138#m
225,urbacze1,#Nawrocki2025 #PociągPrawych #TuskDoDymisji Nie damy podważyć uczciwego wyniku wyborów ! Karol Nawrocki- legalnie wybrany Prezydent suwerennej Polski 🇵🇱✌,4,73,10,87,20-06-25,153,18,,https://nitter.net/urbacze1/status/1935945691370504428#m
226,wolfmaahn,Polens: Ist Nawrocki der rechtmäßige Sieger? Bei der Präsidentenwahl sollen in erheblicher Anzahl Stimmen vertauscht worden sein. Das Oberste Gericht ordnete nun eine erste Neuauszählung an. faz.net/aktuell/politik/ausl…,2,77,2,81,20-06-25,220,27,,https://nitter.net/wolfmaahn/status/1935959653382320529#m
227,KnightCziwi,Prezydentem jest Karol Nawrocki 🇵🇱,1,76,2,79,20-06-25,34,5,,https://nitter.net/KnightCziwi/status/1935986263477436883#m
228,Ren4ta_H,"🇵🇱 Karol Nawrocki, mimo brudnej kampanii wygrał wybory prezydenckie i zostanie Prezydentem Rzeczpospolitej. #Nawrocki2025",2,88,21,111,20-06-25,121,14,,https://nitter.net/Ren4ta_H/status/1936006437328539888#m
229,karnkowski,"Mówisz, że alfons, sutener, złodziej i bandyta nie będzie nigdy twoim prezydentem. Moim również nie - ponieważ moim prezydentem będzie historyk, szef Instytutu Pamięci Narodowej, dr Karol Nawrocki.",7,674,91,772,19-06-25,197,28,,https://nitter.net/karnkowski/status/1935748116642181310#m
230,swallow1560,Może zapomniał o rozwodzie jak Nawrocki o mieszkaniach,0,0,0,0,20-06-25,54,8,,https://nitter.net/swallow1560/status/1936102363678302540#m
231,szefernaker,"Nielegalnie odebrali środki na kampanię #Nawrocki2025 i atakowali każdego dnia wykorzystując cały aparat państwa. Mimo tego dzięki głosom milionów Polaków Karol Nawrocki zdecydowanie wygrał wybory. Nie pozwolimy, by sfrustrowani politycy lecząc swoje kompleksy niszczyli państwo i podważali wolę Narodu! Będziemy walczyć! Do końca! 🇵🇱",43,1502,633,2178,19-06-25,334,44,,https://nitter.net/szefernaker/status/1935779861139759263#m
232,Piotr_1978_,Jeżeli @Platforma_org unieważni wybory prezydenckie będziemy na ulicy!!! Mamy dość!!! Zgadzasz się? Udostępnij!!! #RT #wybory2025 #WyboryPrezydenckie2025 #Nawrocki2025 #nawrocki,18,869,111,998,20-06-25,177,18,,https://nitter.net/Piotr_1978_/status/1935983691622498612#m
233,wolfmaahn,Polens: Ist Nawrocki der rechtmäßige Sieger? Bei der Präsidentenwahl sollen in erheblicher Anzahl Stimmen vertauscht worden sein. Das Oberste Gericht ordnete nun eine erste Neuauszählung an. faz.net/aktuell/politik/ausl…,2,78,2,82,20-06-25,220,27,,https://nitter.net/wolfmaahn/status/1935959653382320529#m
234,athighmoon,To jak w Polsce wybory - niby wygrał Nawrocki ale jakby policzyć jeszcze raz to nieknoniecznie 😂🤣,0,1,0,1,20-06-25,97,17,,https://nitter.net/athighmoon/status/1936099428395294883#m
235,dabakuzu,Ja i moja rodzina już prezydenta wybrałam. Jest nim Karol Nawrocki. I niech nikt się nie ośmieli podważać tego wyboru. Jest nas miliony.,2,71,6,79,20-06-25,136,23,,https://nitter.net/dabakuzu/status/1935975050810675226#m
236,alojjola,"Szczęśliwego małżeństwa! O, co tutaj widzimy? To ten opresyjny katolicyzm⁉️🙄",7,85,41,133,20-06-25,76,10,,https://nitter.net/alojjola/status/1936050391826743769#m
237,chrzanikx,Daily reminder dla silniczków: Karol Nawrocki wygrał wybory prezydenckie I nic z tym nie zrobicie przez kolejne 5 lat XDDDDD,0,32,26,58,20-06-25,124,20,,https://nitter.net/chrzanikx/status/1935943746031419800#m
238,LKraskowski,"Tandem Giertych-Piński lansuje tezę, że Karol Nawrocki... przegrał wybory. Działają w myśl zasady, że jeżeli rzeczywistość nie zgadza się z ich obrazem świata, to tym gorzej dla rzeczywistości. ""Teraz Nawrocki do więzienia a Polacy ponownie na wybory, ale wcześniej delegalizacja PiS"" - pisze na portalu Wieści24 nieistniejąca dziennikarka Karolina Gorczycka. Tymczasem w propagandową i absurdalną tezę o tym, że wybory zostały sfałszowane nie uwierzył nawet Rafał Trzaskowski. #wybory2025 #wyboryprezydenckie",1,3,2,6,20-06-25,509,69,,https://nitter.net/LKraskowski/status/1936085686127403224#m
239,ania13110,"Sandra,czy to prawda,że ty też,jak Nawrocki robiłaś przekręt na mieszkanie?",0,0,0,0,20-06-25,75,10,,https://nitter.net/ania13110/status/1936102823084605711#m
240,MurzynfrogXXX,Ale pan jest totalnym przegrywem XD Przegraliście demokratyczne wybory i próbujecie robić gnój i syf w przestrzeni medialnej. Karol Nawrocki i tak zostanie prezydentem a wy pozostaniecie przegrywami i to w dodatku z łatką totalnie odklejonych idiotów którym przewodzi Roman Giertych.,1,62,16,79,20-06-25,283,41,,https://nitter.net/MurzynfrogXXX/status/1936081241796694257#m
241,de_Talleyrand_,"Porównajcie sobie pokolenie 30-40 latków z PiS np. Kanthak, Horała, Tarczyński, Jaki, Buda, Fogiel, Szefernaker i można tak długo wymieniać, z takim samym pokoleniem w PO: Juzefaciuk, Jachira, Szłapka, Myrchowie, Gasiuk-Pihowicz, Wasiewicz, Pomaska... Przecież to jest przepaść.",7,484,82,573,20-06-25,278,37,,https://nitter.net/de_Talleyrand_/status/1936065346336694614#m
242,Palucki_B,Czemu w internecie i mediach cisza o kompromitacji językowej naszego WICEPREMIERA? Gdyby to był Andrzej Duda albo Karol Nawrocki to cały świat dziennikarstwa i znawcy języka angielskiego cały dzień grzaliby temat. Podwójne standardy... Nienawidzę tego.,18,657,48,723,18-06-25,252,35,,https://nitter.net/Palucki_B/status/1935443022310715454#m
243,Nawrocki25,"🇵🇱 Polska wymaga tego, aby Prezydent z Premierem dyskutowali o przyszłości Polski. Natomiast są rzeczy, w których ja będę stanowczy i silny. Będę poszukiwał porozumienia w tych rzeczach, które są w stanie nas zbliżyć dla dobra Polski - Prezydent Elekt Karol Nawrocki.",12,395,90,497,20-06-25,267,42,,https://nitter.net/Nawrocki25/status/1935987258479321196#m
244,air_kadiush,"🇵🇱Członek PKW Ryszard Kalisz w wywiadzie dla Rzeczpospolitej, mówi o nieprawidłowościach i anomaliach w 3675 komisjach‼️ Były to przypadki, gdzie w gminie, mieście w większości wygrywał @trzaskowski_ , a tylko w jednej Nawrocki. Posłuchajcie. 💥💥💥 #PrzeliczmyGlosy",3,143,8,154,20-06-25,263,36,,https://nitter.net/air_kadiush/status/1936083104805904677#m
245,BatugWojciech,"Amerykański serwis inform. Washigton Reporter: obóz Tuska coraz mocniej forsuje narrację o sfałszowanych wyborach. Powód? Zobowiązania Tuska wobec Brukseli i misja pełnego podporządkowania Polski. Ale pojawił się obrońca interesu narodowego, Karol Nawrocki. Trwa Walka o Polskę.",6,400,2,408,20-06-25,278,36,,https://nitter.net/BatugWojciech/status/1935992913755873546#m
246,Dorota_2017,"PKW, podaje ,ze nie wie jaki jest wynik wyborów, ma to ustalić SN (nie IKNiSP, bo nie jest sądem) a PSL, Hołowni, Lewica, Razemki mówią nam: Polacy nic się nie stało, wygrał Nawrocki. Tak wygląda demokracja , o którą 8 lat walczyliśmy. Polityczne mafie mają się dobrze-wszystkie..",2,35,5,42,20-06-25,280,47,,https://nitter.net/Dorota_2017/status/1936072615002534335#m
247,MacVVilk,Ja to tylko tak tu zostawię...,2,72,10,84,20-06-25,30,6,,https://nitter.net/MacVVilk/status/1936078732982468663#m
248,techdemocracy,"Meet @TechDemocracy leaders driving the shift: @Tony Nawrocki – SVP, Identity Services @ Michael Kreppein – VP, Sales @ Craig Shaw – Sr. Advisor, Growth & Customer Success June 25 | 9:30 AM – 5:00 PM EDT If you’re attending, come find us at our #booth.",0,0,1,1,20-06-25,252,46,,https://nitter.net/techdemocracy/status/1936102611285164076#m
249,HolinkaPis,Mój Prezydent Karol Nawrocki. #PrezydentRPKarolNawrocki,0,46,5,51,19-06-25,55,5,,https://nitter.net/HolinkaPis/status/1935790024169034067#m
250,Piotr_1978_,Jeżeli @Platforma_org unieważni wybory prezydenckie będziemy na ulicy!!! Mamy dość!!! Zgadzasz się? Udostępnij!!! #RT #wybory2025 #WyboryPrezydenckie2025 #Nawrocki2025 #nawrocki,18,869,111,998,20-06-25,177,18,,https://nitter.net/Piotr_1978_/status/1935983691622498612#m
251,PrawusKris2005,"Wy mówiliście, że Karol Nawrocki przegra stosunkiem 60:40% z Rafałem Trzaskowskim🤣. Przegraliście pomimo całego aparatu państwa zaangażowanego do walki z naszym kandydatem. Wstyd mi że szef polskiego rządu wrzucał takie bzdury. Pan serio myślał serio, że tak będzie?",0,13,2,15,20-06-25,266,38,,https://nitter.net/PrawusKris2005/status/1936086768593391795#m
252,air_kadiush,"🇵🇱Członek PKW Ryszard Kalisz w wywiadzie dla Rzeczpospolitej, mówi o nieprawidłowościach i anomaliach w 3675 komisjach‼️ Były to przypadki, gdzie w gminie, mieście w większości wygrywał @trzaskowski_ , a tylko w jednej Nawrocki. Posłuchajcie. 💥💥💥 #PrzeliczmyGlosy",3,144,8,155,20-06-25,263,36,,https://nitter.net/air_kadiush/status/1936083104805904677#m
253,KrzKownacki,Nawrocki jest tylko awatarem Kaczyńskiego. Od niczego się nie odciął a w wieczór wyborczy mało nie zrobił Kaczyńskiemu laski.,0,0,0,0,20-06-25,125,19,,https://nitter.net/KrzKownacki/status/1936102528757923936#m
254,MurzynfrogXXX,Mam dla pani bardzo smutne informacje. Otóż parą prezydencka to Andrzej Duda i Agata Kornhauser Duda. Co więcej... Od 6 sierpnia nową parą prezydencką będzie Karol Nawrocki i Marta Nawrocka.,0,4,2,6,20-06-25,190,30,,https://nitter.net/MurzynfrogXXX/status/1936045326903001138#m
255,urbacze1,#Nawrocki2025 #PociągPrawych #TuskDoDymisji Nie damy podważyć uczciwego wyniku wyborów ! Karol Nawrocki- legalnie wybrany Prezydent suwerennej Polski 🇵🇱✌,4,73,10,87,20-06-25,153,18,,https://nitter.net/urbacze1/status/1935945691370504428#m
256,wolfmaahn,Polens: Ist Nawrocki der rechtmäßige Sieger? Bei der Präsidentenwahl sollen in erheblicher Anzahl Stimmen vertauscht worden sein. Das Oberste Gericht ordnete nun eine erste Neuauszählung an. faz.net/aktuell/politik/ausl…,2,78,2,82,20-06-25,220,27,,https://nitter.net/wolfmaahn/status/1935959653382320529#m
257,KnightCziwi,Prezydentem jest Karol Nawrocki 🇵🇱,1,76,2,79,20-06-25,34,5,,https://nitter.net/KnightCziwi/status/1935986263477436883#m
258,Ren4ta_H,"🇵🇱 Karol Nawrocki, mimo brudnej kampanii wygrał wybory prezydenckie i zostanie Prezydentem Rzeczpospolitej. #Nawrocki2025",2,88,21,111,20-06-25,121,14,,https://nitter.net/Ren4ta_H/status/1936006437328539888#m
259,karnkowski,"Mówisz, że alfons, sutener, złodziej i bandyta nie będzie nigdy twoim prezydentem. Moim również nie - ponieważ moim prezydentem będzie historyk, szef Instytutu Pamięci Narodowej, dr Karol Nawrocki.",7,674,91,772,19-06-25,197,28,,https://nitter.net/karnkowski/status/1935748116642181310#m
260,Ela37703014,Jestem z Podkarpacia.PRZELICZYĆ GŁOSY‼️PRAWDA TO PODSTAWA DEMOKRACJI‼️PRZELICZYĆ GŁOSY ‼️NIE WAŻNE ŻE WYGRA NAWROCKI CHCE PRAWDZIWYCH WYNIKÓW‼️PRZELICZYĆ ‼️DEMOKRACJA =KAŻDY GŁOS MA ZNACZENIE‼️‼️‼️,0,17,1,18,19-06-25,197,21,,https://nitter.net/Ela37703014/status/1935746539819090029#m
261,BatugWojciech,"Amerykański serwis inform. Washigton Reporter: obóz Tuska coraz mocniej forsuje narrację o sfałszowanych wyborach. Powód? Zobowiązania Tuska wobec Brukseli i misja pełnego podporządkowania Polski. Ale pojawił się obrońca interesu narodowego, Karol Nawrocki. Trwa Walka o Polskę.",6,401,2,409,20-06-25,278,36,,https://nitter.net/BatugWojciech/status/1935992913755873546#m
262,acosta_re_nata,"Dawno nic nie sprawilo PISowcom takiej frajdy, jak wybor nowego Rzecznika Rzadu!! 🤣🤣 Chyba nawet z wygranych prezydenckich, radosc byla mniejsza",0,31,14,45,20-06-25,144,21,,https://nitter.net/acosta_re_nata/status/1936065570723471744#m
263,spalinskipatryk,Karol Nawrocki jest moim prezydentem.,0,4,17,21,20-06-25,37,5,,https://nitter.net/spalinskipatryk/status/1936100052440957267#m
264,BobiDylan3,Wygrał k Nawrocki nie dziękuj,0,0,0,0,20-06-25,29,5,,https://nitter.net/BobiDylan3/status/1936102947357966409#m
265,air_kadiush,"🇵🇱Członek PKW Ryszard Kalisz w wywiadzie dla Rzeczpospolitej, mówi o nieprawidłowościach i anomaliach w 3675 komisjach‼️ Były to przypadki, gdzie w gminie, mieście w większości wygrywał @trzaskowski_ , a tylko w jednej Nawrocki. Posłuchajcie. 💥💥💥 #PrzeliczmyGlosy",3,144,8,155,20-06-25,263,36,,https://nitter.net/air_kadiush/status/1936083104805904677#m
266,Piotr_1978_,Jeżeli @Platforma_org unieważni wybory prezydenckie będziemy na ulicy!!! Mamy dość!!! Zgadzasz się? Udostępnij!!! #RT #wybory2025 #WyboryPrezydenckie2025 #Nawrocki2025 #nawrocki,18,869,111,998,20-06-25,177,18,,https://nitter.net/Piotr_1978_/status/1935983691622498612#m
267,wolfmaahn,Polens: Ist Nawrocki der rechtmäßige Sieger? Bei der Präsidentenwahl sollen in erheblicher Anzahl Stimmen vertauscht worden sein. Das Oberste Gericht ordnete nun eine erste Neuauszählung an. faz.net/aktuell/politik/ausl…,2,78,2,82,20-06-25,220,27,,https://nitter.net/wolfmaahn/status/1935959653382320529#m
268,athighmoon,To jak w Polsce wybory - niby wygrał Nawrocki ale jakby policzyć jeszcze raz to nieknoniecznie 😂🤣,0,1,0,1,20-06-25,97,17,,https://nitter.net/athighmoon/status/1936099428395294883#m
269,dabakuzu,Ja i moja rodzina już prezydenta wybrałam. Jest nim Karol Nawrocki. I niech nikt się nie ośmieli podważać tego wyboru. Jest nas miliony.,2,71,6,79,20-06-25,136,23,,https://nitter.net/dabakuzu/status/1935975050810675226#m
270,alojjola,"Szczęśliwego małżeństwa! O, co tutaj widzimy? To ten opresyjny katolicyzm⁉️🙄",7,85,41,133,20-06-25,76,10,,https://nitter.net/alojjola/status/1936050391826743769#m
271,chrzanikx,Daily reminder dla silniczków: Karol Nawrocki wygrał wybory prezydenckie I nic z tym nie zrobicie przez kolejne 5 lat XDDDDD,0,32,26,58,20-06-25,124,20,,https://nitter.net/chrzanikx/status/1935943746031419800#m
272,LKraskowski,"Tandem Giertych-Piński lansuje tezę, że Karol Nawrocki... przegrał wybory. Działają w myśl zasady, że jeżeli rzeczywistość nie zgadza się z ich obrazem świata, to tym gorzej dla rzeczywistości. ""Teraz Nawrocki do więzienia a Polacy ponownie na wybory, ale wcześniej delegalizacja PiS"" - pisze na portalu Wieści24 nieistniejąca dziennikarka Karolina Gorczycka. Tymczasem w propagandową i absurdalną tezę o tym, że wybory zostały sfałszowane nie uwierzył nawet Rafał Trzaskowski. #wybory2025 #wyboryprezydenckie",1,3,2,6,20-06-25,509,69,,https://nitter.net/LKraskowski/status/1936085686127403224#m
273,ania13110,"Sandra,czy to prawda,że ty też,jak Nawrocki robiłaś przekręt na mieszkanie?",0,0,0,0,20-06-25,75,10,,https://nitter.net/ania13110/status/1936102823084605711#m
274,MurzynfrogXXX,Ale pan jest totalnym przegrywem XD Przegraliście demokratyczne wybory i próbujecie robić gnój i syf w przestrzeni medialnej. Karol Nawrocki i tak zostanie prezydentem a wy pozostaniecie przegrywami i to w dodatku z łatką totalnie odklejonych idiotów którym przewodzi Roman Giertych.,1,62,16,79,20-06-25,283,41,,https://nitter.net/MurzynfrogXXX/status/1936081241796694257#m
275,de_Talleyrand_,"Porównajcie sobie pokolenie 30-40 latków z PiS np. Kanthak, Horała, Tarczyński, Jaki, Buda, Fogiel, Szefernaker i można tak długo wymieniać, z takim samym pokoleniem w PO: Juzefaciuk, Jachira, Szłapka, Myrchowie, Gasiuk-Pihowicz, Wasiewicz, Pomaska... Przecież to jest przepaść.",7,484,82,573,20-06-25,278,37,,https://nitter.net/de_Talleyrand_/status/1936065346336694614#m
276,Palucki_B,Czemu w internecie i mediach cisza o kompromitacji językowej naszego WICEPREMIERA? Gdyby to był Andrzej Duda albo Karol Nawrocki to cały świat dziennikarstwa i znawcy języka angielskiego cały dzień grzaliby temat. Podwójne standardy... Nienawidzę tego.,18,657,48,723,18-06-25,252,35,,https://nitter.net/Palucki_B/status/1935443022310715454#m
277,Nawrocki25,"🇵🇱 Polska wymaga tego, aby Prezydent z Premierem dyskutowali o przyszłości Polski. Natomiast są rzeczy, w których ja będę stanowczy i silny. Będę poszukiwał porozumienia w tych rzeczach, które są w stanie nas zbliżyć dla dobra Polski - Prezydent Elekt Karol Nawrocki.",12,395,90,497,20-06-25,267,42,,https://nitter.net/Nawrocki25/status/1935987258479321196#m
278,air_kadiush,"🇵🇱Członek PKW Ryszard Kalisz w wywiadzie dla Rzeczpospolitej, mówi o nieprawidłowościach i anomaliach w 3675 komisjach‼️ Były to przypadki, gdzie w gminie, mieście w większości wygrywał @trzaskowski_ , a tylko w jednej Nawrocki. Posłuchajcie. 💥💥💥 #PrzeliczmyGlosy",3,144,8,155,20-06-25,263,36,,https://nitter.net/air_kadiush/status/1936083104805904677#m
279,MurzynfrogXXX,Ale pan jest totalnym przegrywem XD Przegraliście demokratyczne wybory i próbujecie robić gnój i syf w przestrzeni medialnej. Karol Nawrocki i tak zostanie prezydentem a wy pozostaniecie przegrywami i to w dodatku z łatką totalnie odklejonych idiotów którym przewodzi Roman Giertych.,1,62,16,79,20-06-25,283,41,,https://nitter.net/MurzynfrogXXX/status/1936081241796694257#m
280,BatugWojciech,"Amerykański serwis inform. Washigton Reporter: obóz Tuska coraz mocniej forsuje narrację o sfałszowanych wyborach. Powód? Zobowiązania Tuska wobec Brukseli i misja pełnego podporządkowania Polski. Ale pojawił się obrońca interesu narodowego, Karol Nawrocki. Trwa Walka o Polskę.",6,401,2,409,20-06-25,278,36,,https://nitter.net/BatugWojciech/status/1935992913755873546#m
281,Dorota_2017,"PKW, podaje ,ze nie wie jaki jest wynik wyborów, ma to ustalić SN (nie IKNiSP, bo nie jest sądem) a PSL, Hołowni, Lewica, Razemki mówią nam: Polacy nic się nie stało, wygrał Nawrocki. Tak wygląda demokracja , o którą 8 lat walczyliśmy. Polityczne mafie mają się dobrze-wszystkie..",2,35,5,42,20-06-25,280,47,,https://nitter.net/Dorota_2017/status/1936072615002534335#m
282,MacVVilk,Ja to tylko tak tu zostawię...,2,72,10,84,20-06-25,30,6,,https://nitter.net/MacVVilk/status/1936078732982468663#m
283,techdemocracy,"Meet @TechDemocracy leaders driving the shift: @Tony Nawrocki – SVP, Identity Services @ Michael Kreppein – VP, Sales @ Craig Shaw – Sr. Advisor, Growth & Customer Success June 25 | 9:30 AM – 5:00 PM EDT If you’re attending, come find us at our #booth.",0,0,1,1,20-06-25,252,46,,https://nitter.net/techdemocracy/status/1936102611285164076#m
284,HolinkaPis,Mój Prezydent Karol Nawrocki. #PrezydentRPKarolNawrocki,0,46,5,51,19-06-25,55,5,,https://nitter.net/HolinkaPis/status/1935790024169034067#m
285,Piotr_1978_,Jeżeli @Platforma_org unieważni wybory prezydenckie będziemy na ulicy!!! Mamy dość!!! Zgadzasz się? Udostępnij!!! #RT #wybory2025 #WyboryPrezydenckie2025 #Nawrocki2025 #nawrocki,18,870,111,999,20-06-25,177,18,,https://nitter.net/Piotr_1978_/status/1935983691622498612#m
286,PrawusKris2005,"Wy mówiliście, że Karol Nawrocki przegra stosunkiem 60:40% z Rafałem Trzaskowskim🤣. Przegraliście pomimo całego aparatu państwa zaangażowanego do walki z naszym kandydatem. Wstyd mi że szef polskiego rządu wrzucał takie bzdury. Pan serio myślał serio, że tak będzie?",0,13,2,15,20-06-25,266,38,,https://nitter.net/PrawusKris2005/status/1936086768593391795#m
287,KrzKownacki,Nawrocki jest tylko awatarem Kaczyńskiego. Od niczego się nie odciął a w wieczór wyborczy mało nie zrobił Kaczyńskiemu laski.,0,0,0,0,20-06-25,125,19,,https://nitter.net/KrzKownacki/status/1936102528757923936#m
288,MurzynfrogXXX,Mam dla pani bardzo smutne informacje. Otóż parą prezydencka to Andrzej Duda i Agata Kornhauser Duda. Co więcej... Od 6 sierpnia nową parą prezydencką będzie Karol Nawrocki i Marta Nawrocka.,0,4,2,6,20-06-25,190,30,,https://nitter.net/MurzynfrogXXX/status/1936045326903001138#m
289,urbacze1,#Nawrocki2025 #PociągPrawych #TuskDoDymisji Nie damy podważyć uczciwego wyniku wyborów ! Karol Nawrocki- legalnie wybrany Prezydent suwerennej Polski 🇵🇱✌,4,73,10,87,20-06-25,153,18,,https://nitter.net/urbacze1/status/1935945691370504428#m
290,CDzwoni,Nowy rzecznik rządu. Obejrzyjcie koniecznie. Tego jeszcze nie było.,25,355,167,547,20-06-25,67,9,,https://nitter.net/CDzwoni/status/1936022052298702874#m
291,AleksZawisza,"W Grudziądzu ponowne przeliczenie głosów wyborczych ujawniło błędy. Rafał Trzaskowski, a nie Karol Nawrocki, wygrał w obwodzie nr 25. W ilu jeszcze komisjach TO zrobiliście, pisi? ; ) #PrzeliczmyGłosy #PowtorzyćDrugaTurę!!! #Siódemka wiadomosci.wp.pl/ponownie-pr…",2,94,12,108,19-06-25,263,32,,https://nitter.net/AleksZawisza/status/1935771867207393640#m
292,Piotr_1978_,Jeżeli @Platforma_org unieważni wybory prezydenckie będziemy na ulicy!!! Mamy dość!!! Zgadzasz się? Udostępnij!!! #RT #wybory2025 #WyboryPrezydenckie2025 #Nawrocki2025 #nawrocki,18,870,111,999,20-06-25,177,18,,https://nitter.net/Piotr_1978_/status/1935983691622498612#m
293,Ela37703014,Jestem z Podkarpacia.PRZELICZYĆ GŁOSY‼️PRAWDA TO PODSTAWA DEMOKRACJI‼️PRZELICZYĆ GŁOSY ‼️NIE WAŻNE ŻE WYGRA NAWROCKI CHCE PRAWDZIWYCH WYNIKÓW‼️PRZELICZYĆ ‼️DEMOKRACJA =KAŻDY GŁOS MA ZNACZENIE‼️‼️‼️,0,17,1,18,19-06-25,197,21,,https://nitter.net/Ela37703014/status/1935746539819090029#m
294,BatugWojciech,"Amerykański serwis inform. Washigton Reporter: obóz Tuska coraz mocniej forsuje narrację o sfałszowanych wyborach. Powód? Zobowiązania Tuska wobec Brukseli i misja pełnego podporządkowania Polski. Ale pojawił się obrońca interesu narodowego, Karol Nawrocki. Trwa Walka o Polskę.",6,401,2,409,20-06-25,278,36,,https://nitter.net/BatugWojciech/status/1935992913755873546#m
295,acosta_re_nata,"Dawno nic nie sprawilo PISowcom takiej frajdy, jak wybor nowego Rzecznika Rzadu!! 🤣🤣 Chyba nawet z wygranych prezydenckich, radosc byla mniejsza",0,31,14,45,20-06-25,144,21,,https://nitter.net/acosta_re_nata/status/1936065570723471744#m
296,spalinskipatryk,Karol Nawrocki jest moim prezydentem.,0,4,17,21,20-06-25,37,5,,https://nitter.net/spalinskipatryk/status/1936100052440957267#m
297,BobiDylan3,Wygrał k Nawrocki nie dziękuj,0,0,0,0,20-06-25,29,5,,https://nitter.net/BobiDylan3/status/1936102947357966409#m
298,air_kadiush,"🇵🇱Członek PKW Ryszard Kalisz w wywiadzie dla Rzeczpospolitej, mówi o nieprawidłowościach i anomaliach w 3675 komisjach‼️ Były to przypadki, gdzie w gminie, mieście w większości wygrywał @trzaskowski_ , a tylko w jednej Nawrocki. Posłuchajcie. 💥💥💥 #PrzeliczmyGlosy",3,144,8,155,20-06-25,263,36,,https://nitter.net/air_kadiush/status/1936083104805904677#m
299,wolfmaahn,Polens: Ist Nawrocki der rechtmäßige Sieger? Bei der Präsidentenwahl sollen in erheblicher Anzahl Stimmen vertauscht worden sein. Das Oberste Gericht ordnete nun eine erste Neuauszählung an. faz.net/aktuell/politik/ausl…,2,78,2,82,20-06-25,220,27,,https://nitter.net/wolfmaahn/status/1935959653382320529#m
300,athighmoon,To jak w Polsce wybory - niby wygrał Nawrocki ale jakby policzyć jeszcze raz to nieknoniecznie 😂🤣,0,1,0,1,20-06-25,97,17,,https://nitter.net/athighmoon/status/1936099428395294883#m
301,dabakuzu,Ja i moja rodzina już prezydenta wybrałam. Jest nim Karol Nawrocki. I niech nikt się nie ośmieli podważać tego wyboru. Jest nas miliony.,2,71,6,79,20-06-25,136,23,,https://nitter.net/dabakuzu/status/1935975050810675226#m
302,alojjola,"Szczęśliwego małżeństwa! O, co tutaj widzimy? To ten opresyjny katolicyzm⁉️🙄",7,85,41,133,20-06-25,76,10,,https://nitter.net/alojjola/status/1936050391826743769#m
303,chrzanikx,Daily reminder dla silniczków: Karol Nawrocki wygrał wybory prezydenckie I nic z tym nie zrobicie przez kolejne 5 lat XDDDDD,0,32,26,58,20-06-25,124,20,,https://nitter.net/chrzanikx/status/1935943746031419800#m
304,LKraskowski,"Tandem Giertych-Piński lansuje tezę, że Karol Nawrocki... przegrał wybory. Działają w myśl zasady, że jeżeli rzeczywistość nie zgadza się z ich obrazem świata, to tym gorzej dla rzeczywistości. ""Teraz Nawrocki do więzienia a Polacy ponownie na wybory, ale wcześniej delegalizacja PiS"" - pisze na portalu Wieści24 nieistniejąca dziennikarka Karolina Gorczycka. Tymczasem w propagandową i absurdalną tezę o tym, że wybory zostały sfałszowane nie uwierzył nawet Rafał Trzaskowski. #wybory2025 #wyboryprezydenckie",1,3,2,6,20-06-25,509,69,,https://nitter.net/LKraskowski/status/1936085686127403224#m
305,ania13110,"Sandra,czy to prawda,że ty też,jak Nawrocki robiłaś przekręt na mieszkanie?",0,0,0,0,20-06-25,75,10,,https://nitter.net/ania13110/status/1936102823084605711#m
306,MurzynfrogXXX,Ale pan jest totalnym przegrywem XD Przegraliście demokratyczne wybory i próbujecie robić gnój i syf w przestrzeni medialnej. Karol Nawrocki i tak zostanie prezydentem a wy pozostaniecie przegrywami i to w dodatku z łatką totalnie odklejonych idiotów którym przewodzi Roman Giertych.,1,62,16,79,20-06-25,283,41,,https://nitter.net/MurzynfrogXXX/status/1936081241796694257#m
307,de_Talleyrand_,"Porównajcie sobie pokolenie 30-40 latków z PiS np. Kanthak, Horała, Tarczyński, Jaki, Buda, Fogiel, Szefernaker i można tak długo wymieniać, z takim samym pokoleniem w PO: Juzefaciuk, Jachira, Szłapka, Myrchowie, Gasiuk-Pihowicz, Wasiewicz, Pomaska... Przecież to jest przepaść.",7,485,82,574,20-06-25,278,37,,https://nitter.net/de_Talleyrand_/status/1936065346336694614#m
308,Palucki_B,Czemu w internecie i mediach cisza o kompromitacji językowej naszego WICEPREMIERA? Gdyby to był Andrzej Duda albo Karol Nawrocki to cały świat dziennikarstwa i znawcy języka angielskiego cały dzień grzaliby temat. Podwójne standardy... Nienawidzę tego.,18,657,48,723,18-06-25,252,35,,https://nitter.net/Palucki_B/status/1935443022310715454#m
309,Nawrocki25,"🇵🇱 Polska wymaga tego, aby Prezydent z Premierem dyskutowali o przyszłości Polski. Natomiast są rzeczy, w których ja będę stanowczy i silny. Będę poszukiwał porozumienia w tych rzeczach, które są w stanie nas zbliżyć dla dobra Polski - Prezydent Elekt Karol Nawrocki.",12,395,90,497,20-06-25,267,42,,https://nitter.net/Nawrocki25/status/1935987258479321196#m
310,air_kadiush,"🇵🇱Członek PKW Ryszard Kalisz w wywiadzie dla Rzeczpospolitej, mówi o nieprawidłowościach i anomaliach w 3675 komisjach‼️ Były to przypadki, gdzie w gminie, mieście w większości wygrywał @trzaskowski_ , a tylko w jednej Nawrocki. Posłuchajcie. 💥💥💥 #PrzeliczmyGlosy",3,144,8,155,20-06-25,263,36,,https://nitter.net/air_kadiush/status/1936083104805904677#m
311,MurzynfrogXXX,Ale pan jest totalnym przegrywem XD Przegraliście demokratyczne wybory i próbujecie robić gnój i syf w przestrzeni medialnej. Karol Nawrocki i tak zostanie prezydentem a wy pozostaniecie przegrywami i to w dodatku z łatką totalnie odklejonych idiotów którym przewodzi Roman Giertych.,1,62,16,79,20-06-25,283,41,,https://nitter.net/MurzynfrogXXX/status/1936081241796694257#m
312,BatugWojciech,"Amerykański serwis inform. Washigton Reporter: obóz Tuska coraz mocniej forsuje narrację o sfałszowanych wyborach. Powód? Zobowiązania Tuska wobec Brukseli i misja pełnego podporządkowania Polski. Ale pojawił się obrońca interesu narodowego, Karol Nawrocki. Trwa Walka o Polskę.",6,401,2,409,20-06-25,278,36,,https://nitter.net/BatugWojciech/status/1935992913755873546#m
313,Dorota_2017,"PKW, podaje ,ze nie wie jaki jest wynik wyborów, ma to ustalić SN (nie IKNiSP, bo nie jest sądem) a PSL, Hołowni, Lewica, Razemki mówią nam: Polacy nic się nie stało, wygrał Nawrocki. Tak wygląda demokracja , o którą 8 lat walczyliśmy. Polityczne mafie mają się dobrze-wszystkie..",2,35,5,42,20-06-25,280,47,,https://nitter.net/Dorota_2017/status/1936072615002534335#m
314,MacVVilk,Ja to tylko tak tu zostawię...,2,72,10,84,20-06-25,30,6,,https://nitter.net/MacVVilk/status/1936078732982468663#m
315,techdemocracy,"Meet @TechDemocracy leaders driving the shift: @Tony Nawrocki – SVP, Identity Services @ Michael Kreppein – VP, Sales @ Craig Shaw – Sr. Advisor, Growth & Customer Success June 25 | 9:30 AM – 5:00 PM EDT If you’re attending, come find us at our #booth.",0,0,1,1,20-06-25,252,46,,https://nitter.net/techdemocracy/status/1936102611285164076#m
316,HolinkaPis,Mój Prezydent Karol Nawrocki. #PrezydentRPKarolNawrocki,0,46,5,51,19-06-25,55,5,,https://nitter.net/HolinkaPis/status/1935790024169034067#m
317,Piotr_1978_,Jeżeli @Platforma_org unieważni wybory prezydenckie będziemy na ulicy!!! Mamy dość!!! Zgadzasz się? Udostępnij!!! #RT #wybory2025 #WyboryPrezydenckie2025 #Nawrocki2025 #nawrocki,18,870,111,999,20-06-25,177,18,,https://nitter.net/Piotr_1978_/status/1935983691622498612#m
318,PrawusKris2005,"Wy mówiliście, że Karol Nawrocki przegra stosunkiem 60:40% z Rafałem Trzaskowskim🤣. Przegraliście pomimo całego aparatu państwa zaangażowanego do walki z naszym kandydatem. Wstyd mi że szef polskiego rządu wrzucał takie bzdury. Pan serio myślał serio, że tak będzie?",0,13,2,15,20-06-25,266,38,,https://nitter.net/PrawusKris2005/status/1936086768593391795#m
319,KrzKownacki,Nawrocki jest tylko awatarem Kaczyńskiego. Od niczego się nie odciął a w wieczór wyborczy mało nie zrobił Kaczyńskiemu laski.,0,0,0,0,20-06-25,125,19,,https://nitter.net/KrzKownacki/status/1936102528757923936#m
320,KnightCziwi,Prezydentem jest Karol Nawrocki 🇵🇱,1,77,2,80,20-06-25,34,5,,https://nitter.net/KnightCziwi/status/1935986263477436883#m
321,WolnaRadio,"Binjamin Netanjahu skarży się, że Iran ostrzeliwuje budynki mieszkalne. Trzeba było o tym pomyśleć, jak się wszczynało wojnę. A poza tym Izrael permanentnie ostrzeliwał budynki mieszkalne i szpitale w Palestynie i jakoś media nad tym nie ubolewały...",2,61,25,88,20-06-25,250,37,,https://nitter.net/WolnaRadio/status/1936011657567707303#m
322,ZKrelowski,"Powody do fałszowania wyborów miało jedno środowisko w Polsce. To, które bezczelnie oszukało obywateli w 2023 i tym samym utraciło kredyt zaufania społecznego. To, które wpędziło kraj w tarapaty gospodarcze swoimi szkodliwymi rządami. To, które wystawiło komicznego kandydata.",0,19,1,20,20-06-25,276,38,,https://nitter.net/ZKrelowski/status/1936081005053362586#m
323,CDzwoni,Nowy rzecznik rządu. Obejrzyjcie koniecznie. Tego jeszcze nie było.,25,356,167,548,20-06-25,67,9,,https://nitter.net/CDzwoni/status/1936022052298702874#m
324,AleksZawisza,"W Grudziądzu ponowne przeliczenie głosów wyborczych ujawniło błędy. Rafał Trzaskowski, a nie Karol Nawrocki, wygrał w obwodzie nr 25. W ilu jeszcze komisjach TO zrobiliście, pisi? ; ) #PrzeliczmyGłosy #PowtorzyćDrugaTurę!!! #Siódemka wiadomosci.wp.pl/ponownie-pr…",2,94,12,108,19-06-25,263,32,,https://nitter.net/AleksZawisza/status/1935771867207393640#m
325,Piotr_1978_,Jeżeli @Platforma_org unieważni wybory prezydenckie będziemy na ulicy!!! Mamy dość!!! Zgadzasz się? Udostępnij!!! #RT #wybory2025 #WyboryPrezydenckie2025 #Nawrocki2025 #nawrocki,18,870,111,999,20-06-25,177,18,,https://nitter.net/Piotr_1978_/status/1935983691622498612#m
326,Ela37703014,Jestem z Podkarpacia.PRZELICZYĆ GŁOSY‼️PRAWDA TO PODSTAWA DEMOKRACJI‼️PRZELICZYĆ GŁOSY ‼️NIE WAŻNE ŻE WYGRA NAWROCKI CHCE PRAWDZIWYCH WYNIKÓW‼️PRZELICZYĆ ‼️DEMOKRACJA =KAŻDY GŁOS MA ZNACZENIE‼️‼️‼️,0,17,1,18,19-06-25,197,21,,https://nitter.net/Ela37703014/status/1935746539819090029#m
327,BatugWojciech,"Amerykański serwis inform. Washigton Reporter: obóz Tuska coraz mocniej forsuje narrację o sfałszowanych wyborach. Powód? Zobowiązania Tuska wobec Brukseli i misja pełnego podporządkowania Polski. Ale pojawił się obrońca interesu narodowego, Karol Nawrocki. Trwa Walka o Polskę.",6,401,2,409,20-06-25,278,36,,https://nitter.net/BatugWojciech/status/1935992913755873546#m
328,acosta_re_nata,"Dawno nic nie sprawilo PISowcom takiej frajdy, jak wybor nowego Rzecznika Rzadu!! 🤣🤣 Chyba nawet z wygranych prezydenckich, radosc byla mniejsza",0,31,14,45,20-06-25,144,21,,https://nitter.net/acosta_re_nata/status/1936065570723471744#m
329,spalinskipatryk,Karol Nawrocki jest moim prezydentem.,0,4,17,21,20-06-25,37,5,,https://nitter.net/spalinskipatryk/status/1936100052440957267#m
330,BobiDylan3,Wygrał k Nawrocki nie dziękuj,0,0,0,0,20-06-25,29,5,,https://nitter.net/BobiDylan3/status/1936102947357966409#m
331,air_kadiush,"🇵🇱Członek PKW Ryszard Kalisz w wywiadzie dla Rzeczpospolitej, mówi o nieprawidłowościach i anomaliach w 3675 komisjach‼️ Były to przypadki, gdzie w gminie, mieście w większości wygrywał @trzaskowski_ , a tylko w jednej Nawrocki. Posłuchajcie. 💥💥💥 #PrzeliczmyGlosy",3,144,8,155,20-06-25,263,36,,https://nitter.net/air_kadiush/status/1936083104805904677#m
332,wolfmaahn,Polens: Ist Nawrocki der rechtmäßige Sieger? Bei der Präsidentenwahl sollen in erheblicher Anzahl Stimmen vertauscht worden sein. Das Oberste Gericht ordnete nun eine erste Neuauszählung an. faz.net/aktuell/politik/ausl…,2,78,2,82,20-06-25,220,27,,https://nitter.net/wolfmaahn/status/1935959653382320529#m
333,athighmoon,To jak w Polsce wybory - niby wygrał Nawrocki ale jakby policzyć jeszcze raz to nieknoniecznie 😂🤣,0,1,0,1,20-06-25,97,17,,https://nitter.net/athighmoon/status/1936099428395294883#m
334,dabakuzu,Ja i moja rodzina już prezydenta wybrałam. Jest nim Karol Nawrocki. I niech nikt się nie ośmieli podważać tego wyboru. Jest nas miliony.,2,71,6,79,20-06-25,136,23,,https://nitter.net/dabakuzu/status/1935975050810675226#m
335,alojjola,"Szczęśliwego małżeństwa! O, co tutaj widzimy? To ten opresyjny katolicyzm⁉️🙄",7,85,41,133,20-06-25,76,10,,https://nitter.net/alojjola/status/1936050391826743769#m
336,chrzanikx,Daily reminder dla silniczków: Karol Nawrocki wygrał wybory prezydenckie I nic z tym nie zrobicie przez kolejne 5 lat XDDDDD,0,32,26,58,20-06-25,124,20,,https://nitter.net/chrzanikx/status/1935943746031419800#m
337,LKraskowski,"Tandem Giertych-Piński lansuje tezę, że Karol Nawrocki... przegrał wybory. Działają w myśl zasady, że jeżeli rzeczywistość nie zgadza się z ich obrazem świata, to tym gorzej dla rzeczywistości. ""Teraz Nawrocki do więzienia a Polacy ponownie na wybory, ale wcześniej delegalizacja PiS"" - pisze na portalu Wieści24 nieistniejąca dziennikarka Karolina Gorczycka. Tymczasem w propagandową i absurdalną tezę o tym, że wybory zostały sfałszowane nie uwierzył nawet Rafał Trzaskowski. #wybory2025 #wyboryprezydenckie",1,3,2,6,20-06-25,509,69,,https://nitter.net/LKraskowski/status/1936085686127403224#m
338,ania13110,"Sandra,czy to prawda,że ty też,jak Nawrocki robiłaś przekręt na mieszkanie?",0,0,0,0,20-06-25,75,10,,https://nitter.net/ania13110/status/1936102823084605711#m
339,Piotr_1978_,Jeżeli @Platforma_org unieważni wybory prezydenckie będziemy na ulicy!!! Mamy dość!!! Zgadzasz się? Udostępnij!!! #RT #wybory2025 #WyboryPrezydenckie2025 #Nawrocki2025 #nawrocki,18,870,111,999,20-06-25,177,18,,https://nitter.net/Piotr_1978_/status/1935983691622498612#m
340,MurzynfrogXXX,Ale pan jest totalnym przegrywem XD Przegraliście demokratyczne wybory i próbujecie robić gnój i syf w przestrzeni medialnej. Karol Nawrocki i tak zostanie prezydentem a wy pozostaniecie przegrywami i to w dodatku z łatką totalnie odklejonych idiotów którym przewodzi Roman Giertych.,1,62,16,79,20-06-25,283,41,,https://nitter.net/MurzynfrogXXX/status/1936081241796694257#m
341,de_Talleyrand_,"Porównajcie sobie pokolenie 30-40 latków z PiS np. Kanthak, Horała, Tarczyński, Jaki, Buda, Fogiel, Szefernaker i można tak długo wymieniać, z takim samym pokoleniem w PO: Juzefaciuk, Jachira, Szłapka, Myrchowie, Gasiuk-Pihowicz, Wasiewicz, Pomaska... Przecież to jest przepaść.",7,485,82,574,20-06-25,278,37,,https://nitter.net/de_Talleyrand_/status/1936065346336694614#m
342,Palucki_B,Czemu w internecie i mediach cisza o kompromitacji językowej naszego WICEPREMIERA? Gdyby to był Andrzej Duda albo Karol Nawrocki to cały świat dziennikarstwa i znawcy języka angielskiego cały dzień grzaliby temat. Podwójne standardy... Nienawidzę tego.,18,657,48,723,18-06-25,252,35,,https://nitter.net/Palucki_B/status/1935443022310715454#m
343,Nawrocki25,"🇵🇱 Polska wymaga tego, aby Prezydent z Premierem dyskutowali o przyszłości Polski. Natomiast są rzeczy, w których ja będę stanowczy i silny. Będę poszukiwał porozumienia w tych rzeczach, które są w stanie nas zbliżyć dla dobra Polski - Prezydent Elekt Karol Nawrocki.",12,395,90,497,20-06-25,267,42,,https://nitter.net/Nawrocki25/status/1935987258479321196#m
344,air_kadiush,"🇵🇱Członek PKW Ryszard Kalisz w wywiadzie dla Rzeczpospolitej, mówi o nieprawidłowościach i anomaliach w 3675 komisjach‼️ Były to przypadki, gdzie w gminie, mieście w większości wygrywał @trzaskowski_ , a tylko w jednej Nawrocki. Posłuchajcie. 💥💥💥 #PrzeliczmyGlosy",3,144,8,155,20-06-25,263,36,,https://nitter.net/air_kadiush/status/1936083104805904677#m
345,BatugWojciech,"Amerykański serwis inform. Washigton Reporter: obóz Tuska coraz mocniej forsuje narrację o sfałszowanych wyborach. Powód? Zobowiązania Tuska wobec Brukseli i misja pełnego podporządkowania Polski. Ale pojawił się obrońca interesu narodowego, Karol Nawrocki. Trwa Walka o Polskę.",6,401,2,409,20-06-25,278,36,,https://nitter.net/BatugWojciech/status/1935992913755873546#m
346,Dorota_2017,"PKW, podaje ,ze nie wie jaki jest wynik wyborów, ma to ustalić SN (nie IKNiSP, bo nie jest sądem) a PSL, Hołowni, Lewica, Razemki mówią nam: Polacy nic się nie stało, wygrał Nawrocki. Tak wygląda demokracja , o którą 8 lat walczyliśmy. Polityczne mafie mają się dobrze-wszystkie..",2,35,5,42,20-06-25,280,47,,https://nitter.net/Dorota_2017/status/1936072615002534335#m
347,MacVVilk,Ja to tylko tak tu zostawię...,2,72,10,84,20-06-25,30,6,,https://nitter.net/MacVVilk/status/1936078732982468663#m
348,techdemocracy,"Meet @TechDemocracy leaders driving the shift: @Tony Nawrocki – SVP, Identity Services @ Michael Kreppein – VP, Sales @ Craig Shaw – Sr. Advisor, Growth & Customer Success June 25 | 9:30 AM – 5:00 PM EDT If you’re attending, come find us at our #booth.",0,0,1,1,20-06-25,252,46,,https://nitter.net/techdemocracy/status/1936102611285164076#m
349,HolinkaPis,Mój Prezydent Karol Nawrocki. #PrezydentRPKarolNawrocki,0,46,5,51,19-06-25,55,5,,https://nitter.net/HolinkaPis/status/1935790024169034067#m
350,DariuszSmo,"Nie wierzę Hołowni. Zrobił już parę świństw, choćby w sprawie Kamińskiego i Wąsika, a w sprawie zaprzysiężenia Nawrockiego też może coś wywinąć. Dopóki Nawrocki nie zostanie zaprzysiężony, doputy jest groźba że Hołownia, Tusk, Bodnar i Giertych mają w planie jakieś łajdactwo.",0,0,0,0,20-06-25,276,41,,https://nitter.net/DariuszSmo/status/1936103126119117204#m
351,JkmMikke,"Sąd Najwyższy prawdopodobnie zdecyduje, że wybory prezydenckie zostaną powtórzone. Termin zostanie wyznaczony za 5 lat. Do tego czasu funkcję prezydenta będzie pełnił p. Karol Nawrocki. ;)",31,1034,227,1292,19-06-25,188,26,,https://nitter.net/JkmMikke/status/1935683017076593080#m
352,DomiGasiorowski,"8/8 Ludzie Czarnka - Osadczy, Rzymkowski promowali niekonstytucyjną nowelizację ustawy IPN. Nawrocki chce podobnych rozwiązań pod pretekstem penalizacji banderyzmu. Dlaczego ludzie Nawrockiego chcą zniszczyć dialog polsko-ukraiński? Czy to na pewno służy Polsce?",0,1,0,1,20-06-25,262,32,,https://nitter.net/DomiGasiorowski/status/1936102120219963646#m
353,KnightCziwi,Prezydentem jest Karol Nawrocki 🇵🇱,1,77,2,80,20-06-25,34,5,,https://nitter.net/KnightCziwi/status/1935986263477436883#m
354,WolnaRadio,"Binjamin Netanjahu skarży się, że Iran ostrzeliwuje budynki mieszkalne. Trzeba było o tym pomyśleć, jak się wszczynało wojnę. A poza tym Izrael permanentnie ostrzeliwał budynki mieszkalne i szpitale w Palestynie i jakoś media nad tym nie ubolewały...",2,61,25,88,20-06-25,250,37,,https://nitter.net/WolnaRadio/status/1936011657567707303#m
355,ZKrelowski,"Powody do fałszowania wyborów miało jedno środowisko w Polsce. To, które bezczelnie oszukało obywateli w 2023 i tym samym utraciło kredyt zaufania społecznego. To, które wpędziło kraj w tarapaty gospodarcze swoimi szkodliwymi rządami. To, które wystawiło komicznego kandydata.",0,19,1,20,20-06-25,276,38,,https://nitter.net/ZKrelowski/status/1936081005053362586#m
356,CDzwoni,Nowy rzecznik rządu. Obejrzyjcie koniecznie. Tego jeszcze nie było.,25,356,167,548,20-06-25,67,9,,https://nitter.net/CDzwoni/status/1936022052298702874#m
357,AleksZawisza,"W Grudziądzu ponowne przeliczenie głosów wyborczych ujawniło błędy. Rafał Trzaskowski, a nie Karol Nawrocki, wygrał w obwodzie nr 25. W ilu jeszcze komisjach TO zrobiliście, pisi? ; ) #PrzeliczmyGłosy #PowtorzyćDrugaTurę!!! #Siódemka wiadomosci.wp.pl/ponownie-pr…",2,94,12,108,19-06-25,263,32,,https://nitter.net/AleksZawisza/status/1935771867207393640#m
358,Piotr_1978_,Jeżeli @Platforma_org unieważni wybory prezydenckie będziemy na ulicy!!! Mamy dość!!! Zgadzasz się? Udostępnij!!! #RT #wybory2025 #WyboryPrezydenckie2025 #Nawrocki2025 #nawrocki,18,870,111,999,20-06-25,177,18,,https://nitter.net/Piotr_1978_/status/1935983691622498612#m
359,Ela37703014,Jestem z Podkarpacia.PRZELICZYĆ GŁOSY‼️PRAWDA TO PODSTAWA DEMOKRACJI‼️PRZELICZYĆ GŁOSY ‼️NIE WAŻNE ŻE WYGRA NAWROCKI CHCE PRAWDZIWYCH WYNIKÓW‼️PRZELICZYĆ ‼️DEMOKRACJA =KAŻDY GŁOS MA ZNACZENIE‼️‼️‼️,0,17,1,18,19-06-25,197,21,,https://nitter.net/Ela37703014/status/1935746539819090029#m
360,BatugWojciech,"Amerykański serwis inform. Washigton Reporter: obóz Tuska coraz mocniej forsuje narrację o sfałszowanych wyborach. Powód? Zobowiązania Tuska wobec Brukseli i misja pełnego podporządkowania Polski. Ale pojawił się obrońca interesu narodowego, Karol Nawrocki. Trwa Walka o Polskę.",6,401,2,409,20-06-25,278,36,,https://nitter.net/BatugWojciech/status/1935992913755873546#m
361,acosta_re_nata,"Dawno nic nie sprawilo PISowcom takiej frajdy, jak wybor nowego Rzecznika Rzadu!! 🤣🤣 Chyba nawet z wygranych prezydenckich, radosc byla mniejsza",0,31,14,45,20-06-25,144,21,,https://nitter.net/acosta_re_nata/status/1936065570723471744#m
362,spalinskipatryk,Karol Nawrocki jest moim prezydentem.,0,4,17,21,20-06-25,37,5,,https://nitter.net/spalinskipatryk/status/1936100052440957267#m
363,BobiDylan3,Wygrał k Nawrocki nie dziękuj,0,0,0,0,20-06-25,29,5,,https://nitter.net/BobiDylan3/status/1936102947357966409#m
364,air_kadiush,"🇵🇱Członek PKW Ryszard Kalisz w wywiadzie dla Rzeczpospolitej, mówi o nieprawidłowościach i anomaliach w 3675 komisjach‼️ Były to przypadki, gdzie w gminie, mieście w większości wygrywał @trzaskowski_ , a tylko w jednej Nawrocki. Posłuchajcie. 💥💥💥 #PrzeliczmyGlosy",3,144,8,155,20-06-25,263,36,,https://nitter.net/air_kadiush/status/1936083104805904677#m
365,wolfmaahn,Polens: Ist Nawrocki der rechtmäßige Sieger? Bei der Präsidentenwahl sollen in erheblicher Anzahl Stimmen vertauscht worden sein. Das Oberste Gericht ordnete nun eine erste Neuauszählung an. faz.net/aktuell/politik/ausl…,2,78,2,82,20-06-25,220,27,,https://nitter.net/wolfmaahn/status/1935959653382320529#m
366,athighmoon,To jak w Polsce wybory - niby wygrał Nawrocki ale jakby policzyć jeszcze raz to nieknoniecznie 😂🤣,0,1,0,1,20-06-25,97,17,,https://nitter.net/athighmoon/status/1936099428395294883#m
367,dabakuzu,Ja i moja rodzina już prezydenta wybrałam. Jest nim Karol Nawrocki. I niech nikt się nie ośmieli podważać tego wyboru. Jest nas miliony.,2,71,6,79,20-06-25,136,23,,https://nitter.net/dabakuzu/status/1935975050810675226#m
368,alojjola,"Szczęśliwego małżeństwa! O, co tutaj widzimy? To ten opresyjny katolicyzm⁉️🙄",7,85,41,133,20-06-25,76,10,,https://nitter.net/alojjola/status/1936050391826743769#m
369,chrzanikx,Daily reminder dla silniczków: Karol Nawrocki wygrał wybory prezydenckie I nic z tym nie zrobicie przez kolejne 5 lat XDDDDD,0,32,26,58,20-06-25,124,20,,https://nitter.net/chrzanikx/status/1935943746031419800#m
370,LKraskowski,"Tandem Giertych-Piński lansuje tezę, że Karol Nawrocki... przegrał wybory. Działają w myśl zasady, że jeżeli rzeczywistość nie zgadza się z ich obrazem świata, to tym gorzej dla rzeczywistości. ""Teraz Nawrocki do więzienia a Polacy ponownie na wybory, ale wcześniej delegalizacja PiS"" - pisze na portalu Wieści24 nieistniejąca dziennikarka Karolina Gorczycka. Tymczasem w propagandową i absurdalną tezę o tym, że wybory zostały sfałszowane nie uwierzył nawet Rafał Trzaskowski. #wybory2025 #wyboryprezydenckie",1,3,2,6,20-06-25,509,69,,https://nitter.net/LKraskowski/status/1936085686127403224#m
371,ania13110,"Sandra,czy to prawda,że ty też,jak Nawrocki robiłaś przekręt na mieszkanie?",0,0,0,0,20-06-25,75,10,,https://nitter.net/ania13110/status/1936102823084605711#m
372,Piotr_1978_,Jeżeli @Platforma_org unieważni wybory prezydenckie będziemy na ulicy!!! Mamy dość!!! Zgadzasz się? Udostępnij!!! #RT #wybory2025 #WyboryPrezydenckie2025 #Nawrocki2025 #nawrocki,18,870,111,999,20-06-25,177,18,,https://nitter.net/Piotr_1978_/status/1935983691622498612#m
373,MurzynfrogXXX,Ale pan jest totalnym przegrywem XD Przegraliście demokratyczne wybory i próbujecie robić gnój i syf w przestrzeni medialnej. Karol Nawrocki i tak zostanie prezydentem a wy pozostaniecie przegrywami i to w dodatku z łatką totalnie odklejonych idiotów którym przewodzi Roman Giertych.,1,62,16,79,20-06-25,283,41,,https://nitter.net/MurzynfrogXXX/status/1936081241796694257#m
374,de_Talleyrand_,"Porównajcie sobie pokolenie 30-40 latków z PiS np. Kanthak, Horała, Tarczyński, Jaki, Buda, Fogiel, Szefernaker i można tak długo wymieniać, z takim samym pokoleniem w PO: Juzefaciuk, Jachira, Szłapka, Myrchowie, Gasiuk-Pihowicz, Wasiewicz, Pomaska... Przecież to jest przepaść.",7,485,82,574,20-06-25,278,37,,https://nitter.net/de_Talleyrand_/status/1936065346336694614#m
375,Palucki_B,Czemu w internecie i mediach cisza o kompromitacji językowej naszego WICEPREMIERA? Gdyby to był Andrzej Duda albo Karol Nawrocki to cały świat dziennikarstwa i znawcy języka angielskiego cały dzień grzaliby temat. Podwójne standardy... Nienawidzę tego.,18,657,48,723,18-06-25,252,35,,https://nitter.net/Palucki_B/status/1935443022310715454#m
376,Nawrocki25,"🇵🇱 Polska wymaga tego, aby Prezydent z Premierem dyskutowali o przyszłości Polski. Natomiast są rzeczy, w których ja będę stanowczy i silny. Będę poszukiwał porozumienia w tych rzeczach, które są w stanie nas zbliżyć dla dobra Polski - Prezydent Elekt Karol Nawrocki.",12,395,90,497,20-06-25,267,42,,https://nitter.net/Nawrocki25/status/1935987258479321196#m
377,air_kadiush,"🇵🇱Członek PKW Ryszard Kalisz w wywiadzie dla Rzeczpospolitej, mówi o nieprawidłowościach i anomaliach w 3675 komisjach‼️ Były to przypadki, gdzie w gminie, mieście w większości wygrywał @trzaskowski_ , a tylko w jednej Nawrocki. Posłuchajcie. 💥💥💥 #PrzeliczmyGlosy",3,144,8,155,20-06-25,263,36,,https://nitter.net/air_kadiush/status/1936083104805904677#m
378,BatugWojciech,"Amerykański serwis inform. Washigton Reporter: obóz Tuska coraz mocniej forsuje narrację o sfałszowanych wyborach. Powód? Zobowiązania Tuska wobec Brukseli i misja pełnego podporządkowania Polski. Ale pojawił się obrońca interesu narodowego, Karol Nawrocki. Trwa Walka o Polskę.",6,402,2,410,20-06-25,278,36,,https://nitter.net/BatugWojciech/status/1935992913755873546#m
379,Dorota_2017,"PKW, podaje ,ze nie wie jaki jest wynik wyborów, ma to ustalić SN (nie IKNiSP, bo nie jest sądem) a PSL, Hołowni, Lewica, Razemki mówią nam: Polacy nic się nie stało, wygrał Nawrocki. Tak wygląda demokracja , o którą 8 lat walczyliśmy. Polityczne mafie mają się dobrze-wszystkie..",2,35,5,42,20-06-25,280,47,,https://nitter.net/Dorota_2017/status/1936072615002534335#m
380,MacVVilk,Ja to tylko tak tu zostawię...,2,72,10,84,20-06-25,30,6,,https://nitter.net/MacVVilk/status/1936078732982468663#m
381,xbeliejbe,@Nawrocki25 @NawrockiKn 🇵🇱 PREZYDENTEM POLSKI 🇵🇱 KAROL NAWROCKI 🇵🇱,0,0,0,0,20-06-25,66,9,,https://nitter.net/xbeliejbe/status/1936103206175883355#m
382,mr_libek,"Nikt w Polsce nie wie, kto wygrał wybory, tylko @domi_dlugosz wie, że wygrał Nawrocki.",2,49,31,82,20-06-25,86,14,,https://nitter.net/mr_libek/status/1935996941193880000#m
383,Wiesci24pl,Dlaczego Karol Nawrocki przegrał wybory prezydenckie? wiesci24.pl/2025/06/20/dlacz…,3,109,58,170,20-06-25,83,7,,https://nitter.net/Wiesci24pl/status/1935978483949133917#m
384,BatugWojciech,"Amerykański serwis inform. Washigton Reporter: obóz Tuska coraz mocniej forsuje narrację o sfałszowanych wyborach. Powód? Zobowiązania Tuska wobec Brukseli i misja pełnego podporządkowania Polski. Ale pojawił się obrońca interesu narodowego, Karol Nawrocki. Trwa Walka o Polskę.",6,402,2,410,20-06-25,278,36,,https://nitter.net/BatugWojciech/status/1935992913755873546#m
385,darekmizielski,Wybory wygrał Nawrocki i tyle .A liczyć to sobie możecie do grudnia .,0,0,0,0,20-06-25,69,13,,https://nitter.net/darekmizielski/status/1936103168045150317#m
386,DariuszSmo,"Nie wierzę Hołowni. Zrobił już parę świństw, choćby w sprawie Kamińskiego i Wąsika, a w sprawie zaprzysiężenia Nawrockiego też może coś wywinąć. Dopóki Nawrocki nie zostanie zaprzysiężony, doputy jest groźba że Hołownia, Tusk, Bodnar i Giertych mają w planie jakieś łajdactwo.",0,0,0,0,20-06-25,276,41,,https://nitter.net/DariuszSmo/status/1936103126119117204#m
387,JkmMikke,"Sąd Najwyższy prawdopodobnie zdecyduje, że wybory prezydenckie zostaną powtórzone. Termin zostanie wyznaczony za 5 lat. Do tego czasu funkcję prezydenta będzie pełnił p. Karol Nawrocki. ;)",31,1034,227,1292,19-06-25,188,26,,https://nitter.net/JkmMikke/status/1935683017076593080#m
388,DomiGasiorowski,"8/8 Ludzie Czarnka - Osadczy, Rzymkowski promowali niekonstytucyjną nowelizację ustawy IPN. Nawrocki chce podobnych rozwiązań pod pretekstem penalizacji banderyzmu. Dlaczego ludzie Nawrockiego chcą zniszczyć dialog polsko-ukraiński? Czy to na pewno służy Polsce?",0,1,0,1,20-06-25,262,32,,https://nitter.net/DomiGasiorowski/status/1936102120219963646#m
389,KnightCziwi,Prezydentem jest Karol Nawrocki 🇵🇱,1,77,2,80,20-06-25,34,5,,https://nitter.net/KnightCziwi/status/1935986263477436883#m
390,WolnaRadio,"Binjamin Netanjahu skarży się, że Iran ostrzeliwuje budynki mieszkalne. Trzeba było o tym pomyśleć, jak się wszczynało wojnę. A poza tym Izrael permanentnie ostrzeliwał budynki mieszkalne i szpitale w Palestynie i jakoś media nad tym nie ubolewały...",2,61,25,88,20-06-25,250,37,,https://nitter.net/WolnaRadio/status/1936011657567707303#m
391,ZKrelowski,"Powody do fałszowania wyborów miało jedno środowisko w Polsce. To, które bezczelnie oszukało obywateli w 2023 i tym samym utraciło kredyt zaufania społecznego. To, które wpędziło kraj w tarapaty gospodarcze swoimi szkodliwymi rządami. To, które wystawiło komicznego kandydata.",0,19,1,20,20-06-25,276,38,,https://nitter.net/ZKrelowski/status/1936081005053362586#m
392,CDzwoni,Nowy rzecznik rządu. Obejrzyjcie koniecznie. Tego jeszcze nie było.,25,356,167,548,20-06-25,67,9,,https://nitter.net/CDzwoni/status/1936022052298702874#m
393,AleksZawisza,"W Grudziądzu ponowne przeliczenie głosów wyborczych ujawniło błędy. Rafał Trzaskowski, a nie Karol Nawrocki, wygrał w obwodzie nr 25. W ilu jeszcze komisjach TO zrobiliście, pisi? ; ) #PrzeliczmyGłosy #PowtorzyćDrugaTurę!!! #Siódemka wiadomosci.wp.pl/ponownie-pr…",2,94,12,108,19-06-25,263,32,,https://nitter.net/AleksZawisza/status/1935771867207393640#m
394,Piotr_1978_,Jeżeli @Platforma_org unieważni wybory prezydenckie będziemy na ulicy!!! Mamy dość!!! Zgadzasz się? Udostępnij!!! #RT #wybory2025 #WyboryPrezydenckie2025 #Nawrocki2025 #nawrocki,18,870,111,999,20-06-25,177,18,,https://nitter.net/Piotr_1978_/status/1935983691622498612#m
395,Ela37703014,Jestem z Podkarpacia.PRZELICZYĆ GŁOSY‼️PRAWDA TO PODSTAWA DEMOKRACJI‼️PRZELICZYĆ GŁOSY ‼️NIE WAŻNE ŻE WYGRA NAWROCKI CHCE PRAWDZIWYCH WYNIKÓW‼️PRZELICZYĆ ‼️DEMOKRACJA =KAŻDY GŁOS MA ZNACZENIE‼️‼️‼️,0,17,1,18,19-06-25,197,21,,https://nitter.net/Ela37703014/status/1935746539819090029#m
396,acosta_re_nata,"Dawno nic nie sprawilo PISowcom takiej frajdy, jak wybor nowego Rzecznika Rzadu!! 🤣🤣 Chyba nawet z wygranych prezydenckich, radosc byla mniejsza",0,31,14,45,20-06-25,144,21,,https://nitter.net/acosta_re_nata/status/1936065570723471744#m
397,spalinskipatryk,Karol Nawrocki jest moim prezydentem.,0,4,17,21,20-06-25,37,5,,https://nitter.net/spalinskipatryk/status/1936100052440957267#m
398,BobiDylan3,Wygrał k Nawrocki nie dziękuj,0,0,0,0,20-06-25,29,5,,https://nitter.net/BobiDylan3/status/1936102947357966409#m
399,air_kadiush,"🇵🇱Członek PKW Ryszard Kalisz w wywiadzie dla Rzeczpospolitej, mówi o nieprawidłowościach i anomaliach w 3675 komisjach‼️ Były to przypadki, gdzie w gminie, mieście w większości wygrywał @trzaskowski_ , a tylko w jednej Nawrocki. Posłuchajcie. 💥💥💥 #PrzeliczmyGlosy",3,145,8,156,20-06-25,263,36,,https://nitter.net/air_kadiush/status/1936083104805904677#m
400,Piotr_1978_,Jeżeli @Platforma_org unieważni wybory prezydenckie będziemy na ulicy!!! Mamy dość!!! Zgadzasz się? Udostępnij!!! #RT #wybory2025 #WyboryPrezydenckie2025 #Nawrocki2025 #nawrocki,18,870,111,999,20-06-25,177,18,,https://nitter.net/Piotr_1978_/status/1935983691622498612#m
401,wolfmaahn,Polens: Ist Nawrocki der rechtmäßige Sieger? Bei der Präsidentenwahl sollen in erheblicher Anzahl Stimmen vertauscht worden sein. Das Oberste Gericht ordnete nun eine erste Neuauszählung an. faz.net/aktuell/politik/ausl…,2,78,2,82,20-06-25,220,27,,https://nitter.net/wolfmaahn/status/1935959653382320529#m
402,athighmoon,To jak w Polsce wybory - niby wygrał Nawrocki ale jakby policzyć jeszcze raz to nieknoniecznie 😂🤣,0,1,0,1,20-06-25,97,17,,https://nitter.net/athighmoon/status/1936099428395294883#m
403,dabakuzu,Ja i moja rodzina już prezydenta wybrałam. Jest nim Karol Nawrocki. I niech nikt się nie ośmieli podważać tego wyboru. Jest nas miliony.,2,71,6,79,20-06-25,136,23,,https://nitter.net/dabakuzu/status/1935975050810675226#m
404,alojjola,"Szczęśliwego małżeństwa! O, co tutaj widzimy? To ten opresyjny katolicyzm⁉️🙄",7,86,41,134,20-06-25,76,10,,https://nitter.net/alojjola/status/1936050391826743769#m
405,chrzanikx,Daily reminder dla silniczków: Karol Nawrocki wygrał wybory prezydenckie I nic z tym nie zrobicie przez kolejne 5 lat XDDDDD,0,32,26,58,20-06-25,124,20,,https://nitter.net/chrzanikx/status/1935943746031419800#m
406,LKraskowski,"Tandem Giertych-Piński lansuje tezę, że Karol Nawrocki... przegrał wybory. Działają w myśl zasady, że jeżeli rzeczywistość nie zgadza się z ich obrazem świata, to tym gorzej dla rzeczywistości. ""Teraz Nawrocki do więzienia a Polacy ponownie na wybory, ale wcześniej delegalizacja PiS"" - pisze na portalu Wieści24 nieistniejąca dziennikarka Karolina Gorczycka. Tymczasem w propagandową i absurdalną tezę o tym, że wybory zostały sfałszowane nie uwierzył nawet Rafał Trzaskowski. #wybory2025 #wyboryprezydenckie",1,3,2,6,20-06-25,509,69,,https://nitter.net/LKraskowski/status/1936085686127403224#m
407,ania13110,"Sandra,czy to prawda,że ty też,jak Nawrocki robiłaś przekręt na mieszkanie?",0,0,0,0,20-06-25,75,10,,https://nitter.net/ania13110/status/1936102823084605711#m
408,MurzynfrogXXX,Ale pan jest totalnym przegrywem XD Przegraliście demokratyczne wybory i próbujecie robić gnój i syf w przestrzeni medialnej. Karol Nawrocki i tak zostanie prezydentem a wy pozostaniecie przegrywami i to w dodatku z łatką totalnie odklejonych idiotów którym przewodzi Roman Giertych.,1,62,16,79,20-06-25,283,41,,https://nitter.net/MurzynfrogXXX/status/1936081241796694257#m
409,de_Talleyrand_,"Porównajcie sobie pokolenie 30-40 latków z PiS np. Kanthak, Horała, Tarczyński, Jaki, Buda, Fogiel, Szefernaker i można tak długo wymieniać, z takim samym pokoleniem w PO: Juzefaciuk, Jachira, Szłapka, Myrchowie, Gasiuk-Pihowicz, Wasiewicz, Pomaska... Przecież to jest przepaść.",7,486,82,575,20-06-25,278,37,,https://nitter.net/de_Talleyrand_/status/1936065346336694614#m
410,Palucki_B,Czemu w internecie i mediach cisza o kompromitacji językowej naszego WICEPREMIERA? Gdyby to był Andrzej Duda albo Karol Nawrocki to cały świat dziennikarstwa i znawcy języka angielskiego cały dzień grzaliby temat. Podwójne standardy... Nienawidzę tego.,18,657,48,723,18-06-25,252,35,,https://nitter.net/Palucki_B/status/1935443022310715454#m
411,Nawrocki25,"🇵🇱 Polska wymaga tego, aby Prezydent z Premierem dyskutowali o przyszłości Polski. Natomiast są rzeczy, w których ja będę stanowczy i silny. Będę poszukiwał porozumienia w tych rzeczach, które są w stanie nas zbliżyć dla dobra Polski - Prezydent Elekt Karol Nawrocki.",12,395,90,497,20-06-25,267,42,,https://nitter.net/Nawrocki25/status/1935987258479321196#m
412,BatugWojciech,"Amerykański serwis inform. Washigton Reporter: obóz Tuska coraz mocniej forsuje narrację o sfałszowanych wyborach. Powód? Zobowiązania Tuska wobec Brukseli i misja pełnego podporządkowania Polski. Ale pojawił się obrońca interesu narodowego, Karol Nawrocki. Trwa Walka o Polskę.",6,402,2,410,20-06-25,278,36,,https://nitter.net/BatugWojciech/status/1935992913755873546#m
413,A2H_RedBrick,Ciekawe co p. Nawrocki zrobi :),0,0,0,0,20-06-25,31,6,,https://nitter.net/A2H_RedBrick/status/1936103279953400235#m
414,czekacz,"Przejście w Rosówku. Na granicę podjechał srebrny bus na niemieckich numerach, z którego wysiadło kilku kolorowych. Po rewizji i przeszukaniu przepakowano ich do tego busa. To się naprawdę dzieje.",64,1592,175,1831,20-06-25,196,29,,https://nitter.net/czekacz/status/1935955648002339069#m
415,Piotr_1978_,Jeżeli @Platforma_org unieważni wybory prezydenckie będziemy na ulicy!!! Mamy dość!!! Zgadzasz się? Udostępnij!!! #RT #wybory2025 #WyboryPrezydenckie2025 #Nawrocki2025 #nawrocki,18,871,111,1000,20-06-25,177,18,,https://nitter.net/Piotr_1978_/status/1935983691622498612#m
416,mr_libek,"Nikt w Polsce nie wie, kto wygrał wybory, tylko @domi_dlugosz wie, że wygrał Nawrocki.",2,50,31,83,20-06-25,86,14,,https://nitter.net/mr_libek/status/1935996941193880000#m
417,air_kadiush,"🇵🇱Członek PKW Ryszard Kalisz w wywiadzie dla Rzeczpospolitej, mówi o nieprawidłowościach i anomaliach w 3675 komisjach‼️ Były to przypadki, gdzie w gminie, mieście w większości wygrywał @trzaskowski_ , a tylko w jednej Nawrocki. Posłuchajcie. 💥💥💥 #PrzeliczmyGlosy",3,145,8,156,20-06-25,263,36,,https://nitter.net/air_kadiush/status/1936083104805904677#m
418,xbeliejbe,@Nawrocki25 @NawrockiKn 🇵🇱 PREZYDENTEM POLSKI 🇵🇱 KAROL NAWROCKI 🇵🇱,0,0,0,0,20-06-25,66,9,,https://nitter.net/xbeliejbe/status/1936103206175883355#m
419,Wiesci24pl,Dlaczego Karol Nawrocki przegrał wybory prezydenckie? wiesci24.pl/2025/06/20/dlacz…,3,109,58,170,20-06-25,83,7,,https://nitter.net/Wiesci24pl/status/1935978483949133917#m
420,BatugWojciech,"Amerykański serwis inform. Washigton Reporter: obóz Tuska coraz mocniej forsuje narrację o sfałszowanych wyborach. Powód? Zobowiązania Tuska wobec Brukseli i misja pełnego podporządkowania Polski. Ale pojawił się obrońca interesu narodowego, Karol Nawrocki. Trwa Walka o Polskę.",6,402,2,410,20-06-25,278,36,,https://nitter.net/BatugWojciech/status/1935992913755873546#m
421,darekmizielski,Wybory wygrał Nawrocki i tyle .A liczyć to sobie możecie do grudnia .,0,0,0,0,20-06-25,69,13,,https://nitter.net/darekmizielski/status/1936103168045150317#m
422,DariuszSmo,"Nie wierzę Hołowni. Zrobił już parę świństw, choćby w sprawie Kamińskiego i Wąsika, a w sprawie zaprzysiężenia Nawrockiego też może coś wywinąć. Dopóki Nawrocki nie zostanie zaprzysiężony, doputy jest groźba że Hołownia, Tusk, Bodnar i Giertych mają w planie jakieś łajdactwo.",0,0,0,0,20-06-25,276,41,,https://nitter.net/DariuszSmo/status/1936103126119117204#m
423,JkmMikke,"Sąd Najwyższy prawdopodobnie zdecyduje, że wybory prezydenckie zostaną powtórzone. Termin zostanie wyznaczony za 5 lat. Do tego czasu funkcję prezydenta będzie pełnił p. Karol Nawrocki. ;)",31,1034,227,1292,19-06-25,188,26,,https://nitter.net/JkmMikke/status/1935683017076593080#m
424,DomiGasiorowski,"8/8 Ludzie Czarnka - Osadczy, Rzymkowski promowali niekonstytucyjną nowelizację ustawy IPN. Nawrocki chce podobnych rozwiązań pod pretekstem penalizacji banderyzmu. Dlaczego ludzie Nawrockiego chcą zniszczyć dialog polsko-ukraiński? Czy to na pewno służy Polsce?",0,1,0,1,20-06-25,262,32,,https://nitter.net/DomiGasiorowski/status/1936102120219963646#m
425,KnightCziwi,Prezydentem jest Karol Nawrocki 🇵🇱,1,77,2,80,20-06-25,34,5,,https://nitter.net/KnightCziwi/status/1935986263477436883#m
426,WolnaRadio,"Binjamin Netanjahu skarży się, że Iran ostrzeliwuje budynki mieszkalne. Trzeba było o tym pomyśleć, jak się wszczynało wojnę. A poza tym Izrael permanentnie ostrzeliwał budynki mieszkalne i szpitale w Palestynie i jakoś media nad tym nie ubolewały...",2,61,25,88,20-06-25,250,37,,https://nitter.net/WolnaRadio/status/1936011657567707303#m
427,ZKrelowski,"Powody do fałszowania wyborów miało jedno środowisko w Polsce. To, które bezczelnie oszukało obywateli w 2023 i tym samym utraciło kredyt zaufania społecznego. To, które wpędziło kraj w tarapaty gospodarcze swoimi szkodliwymi rządami. To, które wystawiło komicznego kandydata.",0,19,1,20,20-06-25,276,38,,https://nitter.net/ZKrelowski/status/1936081005053362586#m
428,CDzwoni,Nowy rzecznik rządu. Obejrzyjcie koniecznie. Tego jeszcze nie było.,26,356,167,549,20-06-25,67,9,,https://nitter.net/CDzwoni/status/1936022052298702874#m
429,AleksZawisza,"W Grudziądzu ponowne przeliczenie głosów wyborczych ujawniło błędy. Rafał Trzaskowski, a nie Karol Nawrocki, wygrał w obwodzie nr 25. W ilu jeszcze komisjach TO zrobiliście, pisi? ; ) #PrzeliczmyGłosy #PowtorzyćDrugaTurę!!! #Siódemka wiadomosci.wp.pl/ponownie-pr…",2,94,12,108,19-06-25,263,32,,https://nitter.net/AleksZawisza/status/1935771867207393640#m
430,Piotr_1978_,Jeżeli @Platforma_org unieważni wybory prezydenckie będziemy na ulicy!!! Mamy dość!!! Zgadzasz się? Udostępnij!!! #RT #wybory2025 #WyboryPrezydenckie2025 #Nawrocki2025 #nawrocki,18,872,111,1001,20-06-25,177,18,,https://nitter.net/Piotr_1978_/status/1935983691622498612#m
431,Ela37703014,Jestem z Podkarpacia.PRZELICZYĆ GŁOSY‼️PRAWDA TO PODSTAWA DEMOKRACJI‼️PRZELICZYĆ GŁOSY ‼️NIE WAŻNE ŻE WYGRA NAWROCKI CHCE PRAWDZIWYCH WYNIKÓW‼️PRZELICZYĆ ‼️DEMOKRACJA =KAŻDY GŁOS MA ZNACZENIE‼️‼️‼️,0,17,1,18,19-06-25,197,21,,https://nitter.net/Ela37703014/status/1935746539819090029#m
432,BatugWojciech,"Amerykański serwis inform. Washigton Reporter: obóz Tuska coraz mocniej forsuje narrację o sfałszowanych wyborach. Powód? Zobowiązania Tuska wobec Brukseli i misja pełnego podporządkowania Polski. Ale pojawił się obrońca interesu narodowego, Karol Nawrocki. Trwa Walka o Polskę.",6,402,2,410,20-06-25,278,36,,https://nitter.net/BatugWojciech/status/1935992913755873546#m
433,acosta_re_nata,"Dawno nic nie sprawilo PISowcom takiej frajdy, jak wybor nowego Rzecznika Rzadu!! 🤣🤣 Chyba nawet z wygranych prezydenckich, radosc byla mniejsza",0,31,14,45,20-06-25,144,21,,https://nitter.net/acosta_re_nata/status/1936065570723471744#m
434,spalinskipatryk,Karol Nawrocki jest moim prezydentem.,0,4,17,21,20-06-25,37,5,,https://nitter.net/spalinskipatryk/status/1936100052440957267#m
435,BobiDylan3,Wygrał k Nawrocki nie dziękuj,0,0,0,0,20-06-25,29,5,,https://nitter.net/BobiDylan3/status/1936102947357966409#m
436,air_kadiush,"🇵🇱Członek PKW Ryszard Kalisz w wywiadzie dla Rzeczpospolitej, mówi o nieprawidłowościach i anomaliach w 3675 komisjach‼️ Były to przypadki, gdzie w gminie, mieście w większości wygrywał @trzaskowski_ , a tylko w jednej Nawrocki. Posłuchajcie. 💥💥💥 #PrzeliczmyGlosy",3,145,8,156,20-06-25,263,36,,https://nitter.net/air_kadiush/status/1936083104805904677#m
437,wolfmaahn,Polens: Ist Nawrocki der rechtmäßige Sieger? Bei der Präsidentenwahl sollen in erheblicher Anzahl Stimmen vertauscht worden sein. Das Oberste Gericht ordnete nun eine erste Neuauszählung an. faz.net/aktuell/politik/ausl…,2,78,2,82,20-06-25,220,27,,https://nitter.net/wolfmaahn/status/1935959653382320529#m
438,athighmoon,To jak w Polsce wybory - niby wygrał Nawrocki ale jakby policzyć jeszcze raz to nieknoniecznie 😂🤣,0,1,0,1,20-06-25,97,17,,https://nitter.net/athighmoon/status/1936099428395294883#m
439,dabakuzu,Ja i moja rodzina już prezydenta wybrałam. Jest nim Karol Nawrocki. I niech nikt się nie ośmieli podważać tego wyboru. Jest nas miliony.,2,71,6,79,20-06-25,136,23,,https://nitter.net/dabakuzu/status/1935975050810675226#m
440,alojjola,"Szczęśliwego małżeństwa! O, co tutaj widzimy? To ten opresyjny katolicyzm⁉️🙄",7,86,41,134,20-06-25,76,10,,https://nitter.net/alojjola/status/1936050391826743769#m
441,chrzanikx,Daily reminder dla silniczków: Karol Nawrocki wygrał wybory prezydenckie I nic z tym nie zrobicie przez kolejne 5 lat XDDDDD,0,32,26,58,20-06-25,124,20,,https://nitter.net/chrzanikx/status/1935943746031419800#m
442,LKraskowski,"Tandem Giertych-Piński lansuje tezę, że Karol Nawrocki... przegrał wybory. Działają w myśl zasady, że jeżeli rzeczywistość nie zgadza się z ich obrazem świata, to tym gorzej dla rzeczywistości. ""Teraz Nawrocki do więzienia a Polacy ponownie na wybory, ale wcześniej delegalizacja PiS"" - pisze na portalu Wieści24 nieistniejąca dziennikarka Karolina Gorczycka. Tymczasem w propagandową i absurdalną tezę o tym, że wybory zostały sfałszowane nie uwierzył nawet Rafał Trzaskowski. #wybory2025 #wyboryprezydenckie",1,3,2,6,20-06-25,509,69,,https://nitter.net/LKraskowski/status/1936085686127403224#m
443,ania13110,"Sandra,czy to prawda,że ty też,jak Nawrocki robiłaś przekręt na mieszkanie?",0,0,0,0,20-06-25,75,10,,https://nitter.net/ania13110/status/1936102823084605711#m
444,MurzynfrogXXX,Ale pan jest totalnym przegrywem XD Przegraliście demokratyczne wybory i próbujecie robić gnój i syf w przestrzeni medialnej. Karol Nawrocki i tak zostanie prezydentem a wy pozostaniecie przegrywami i to w dodatku z łatką totalnie odklejonych idiotów którym przewodzi Roman Giertych.,1,62,16,79,20-06-25,283,41,,https://nitter.net/MurzynfrogXXX/status/1936081241796694257#m
445,de_Talleyrand_,"Porównajcie sobie pokolenie 30-40 latków z PiS np. Kanthak, Horała, Tarczyński, Jaki, Buda, Fogiel, Szefernaker i można tak długo wymieniać, z takim samym pokoleniem w PO: Juzefaciuk, Jachira, Szłapka, Myrchowie, Gasiuk-Pihowicz, Wasiewicz, Pomaska... Przecież to jest przepaść.",7,487,82,576,20-06-25,278,37,,https://nitter.net/de_Talleyrand_/status/1936065346336694614#m
446,Palucki_B,Czemu w internecie i mediach cisza o kompromitacji językowej naszego WICEPREMIERA? Gdyby to był Andrzej Duda albo Karol Nawrocki to cały świat dziennikarstwa i znawcy języka angielskiego cały dzień grzaliby temat. Podwójne standardy... Nienawidzę tego.,18,657,48,723,18-06-25,252,35,,https://nitter.net/Palucki_B/status/1935443022310715454#m
447,PatrykSlowik,"Po lewej prof. Safjan ze stycznia 2025. Po prawej prof. Safjan z czerwca 2025. W skrócie: zmienił pogląd o 180 stopni po tym, gdy wybory wygrał Karol Nawrocki.",155,1595,312,2062,18-06-25,159,28,,https://nitter.net/PatrykSlowik/status/1935433170226442610#m
448,KrzKownacki,Washington Reporter NIE JEST wpływowym amerykańskim serwisem. To zjeby są.,0,0,0,0,20-06-25,74,10,,https://nitter.net/KrzKownacki/status/1936103324824080416#m
449,MurzynfrogXXX,Ale pan jest totalnym przegrywem XD Przegraliście demokratyczne wybory i próbujecie robić gnój i syf w przestrzeni medialnej. Karol Nawrocki i tak zostanie prezydentem a wy pozostaniecie przegrywami i to w dodatku z łatką totalnie odklejonych idiotów którym przewodzi Roman Giertych.,1,63,16,80,20-06-25,283,41,,https://nitter.net/MurzynfrogXXX/status/1936081241796694257#m
450,Ren4ta_H,"🇵🇱 Karol Nawrocki, mimo brudnej kampanii wygrał wybory prezydenckie i zostanie Prezydentem Rzeczpospolitej. #Nawrocki2025",2,89,21,112,20-06-25,121,14,,https://nitter.net/Ren4ta_H/status/1936006437328539888#m
451,ullasiwiec,"My, uczciwi Polacy chcemy uczciwego przeliczenia głosów, nic mniej, nic więcej, niech prezydentem będzie ten, który wygrał wybory, skoro PiS i jego wyznawcy uważają, że Nawrocki otrzymał większość głosów -to w czym problem! Demokracja wymaga uczciwości i przejrzystości!",0,0,0,0,20-06-25,270,38,,https://nitter.net/ullasiwiec/status/1936103304204792142#m
452,Piotr_1978_,Jeżeli @Platforma_org unieważni wybory prezydenckie będziemy na ulicy!!! Mamy dość!!! Zgadzasz się? Udostępnij!!! #RT #wybory2025 #WyboryPrezydenckie2025 #Nawrocki2025 #nawrocki,18,872,111,1001,20-06-25,177,18,,https://nitter.net/Piotr_1978_/status/1935983691622498612#m
453,A2H_RedBrick,Ciekawe co p. Nawrocki zrobi :),0,0,0,0,20-06-25,31,6,,https://nitter.net/A2H_RedBrick/status/1936103279953400235#m
454,czekacz,"Przejście w Rosówku. Na granicę podjechał srebrny bus na niemieckich numerach, z którego wysiadło kilku kolorowych. Po rewizji i przeszukaniu przepakowano ich do tego busa. To się naprawdę dzieje.",64,1592,175,1831,20-06-25,196,29,,https://nitter.net/czekacz/status/1935955648002339069#m
455,mr_libek,"Nikt w Polsce nie wie, kto wygrał wybory, tylko @domi_dlugosz wie, że wygrał Nawrocki.",2,50,31,83,20-06-25,86,14,,https://nitter.net/mr_libek/status/1935996941193880000#m
456,air_kadiush,"🇵🇱Członek PKW Ryszard Kalisz w wywiadzie dla Rzeczpospolitej, mówi o nieprawidłowościach i anomaliach w 3675 komisjach‼️ Były to przypadki, gdzie w gminie, mieście w większości wygrywał @trzaskowski_ , a tylko w jednej Nawrocki. Posłuchajcie. 💥💥💥 #PrzeliczmyGlosy",3,145,8,156,20-06-25,263,36,,https://nitter.net/air_kadiush/status/1936083104805904677#m
457,xbeliejbe,@Nawrocki25 @NawrockiKn 🇵🇱 PREZYDENTEM POLSKI 🇵🇱 KAROL NAWROCKI 🇵🇱,0,0,0,0,20-06-25,66,9,,https://nitter.net/xbeliejbe/status/1936103206175883355#m
458,Wiesci24pl,Dlaczego Karol Nawrocki przegrał wybory prezydenckie? wiesci24.pl/2025/06/20/dlacz…,3,109,58,170,20-06-25,83,7,,https://nitter.net/Wiesci24pl/status/1935978483949133917#m
459,BatugWojciech,"Amerykański serwis inform. Washigton Reporter: obóz Tuska coraz mocniej forsuje narrację o sfałszowanych wyborach. Powód? Zobowiązania Tuska wobec Brukseli i misja pełnego podporządkowania Polski. Ale pojawił się obrońca interesu narodowego, Karol Nawrocki. Trwa Walka o Polskę.",6,403,2,411,20-06-25,278,36,,https://nitter.net/BatugWojciech/status/1935992913755873546#m
460,darekmizielski,Wybory wygrał Nawrocki i tyle .A liczyć to sobie możecie do grudnia .,0,0,0,0,20-06-25,69,13,,https://nitter.net/darekmizielski/status/1936103168045150317#m
461,DariuszSmo,"Nie wierzę Hołowni. Zrobił już parę świństw, choćby w sprawie Kamińskiego i Wąsika, a w sprawie zaprzysiężenia Nawrockiego też może coś wywinąć. Dopóki Nawrocki nie zostanie zaprzysiężony, doputy jest groźba że Hołownia, Tusk, Bodnar i Giertych mają w planie jakieś łajdactwo.",0,0,0,0,20-06-25,276,41,,https://nitter.net/DariuszSmo/status/1936103126119117204#m
462,JkmMikke,"Sąd Najwyższy prawdopodobnie zdecyduje, że wybory prezydenckie zostaną powtórzone. Termin zostanie wyznaczony za 5 lat. Do tego czasu funkcję prezydenta będzie pełnił p. Karol Nawrocki. ;)",31,1034,227,1292,19-06-25,188,26,,https://nitter.net/JkmMikke/status/1935683017076593080#m
463,DomiGasiorowski,"8/8 Ludzie Czarnka - Osadczy, Rzymkowski promowali niekonstytucyjną nowelizację ustawy IPN. Nawrocki chce podobnych rozwiązań pod pretekstem penalizacji banderyzmu. Dlaczego ludzie Nawrockiego chcą zniszczyć dialog polsko-ukraiński? Czy to na pewno służy Polsce?",0,1,0,1,20-06-25,262,32,,https://nitter.net/DomiGasiorowski/status/1936102120219963646#m
464,KnightCziwi,Prezydentem jest Karol Nawrocki 🇵🇱,1,77,2,80,20-06-25,34,5,,https://nitter.net/KnightCziwi/status/1935986263477436883#m
465,WolnaRadio,"Binjamin Netanjahu skarży się, że Iran ostrzeliwuje budynki mieszkalne. Trzeba było o tym pomyśleć, jak się wszczynało wojnę. A poza tym Izrael permanentnie ostrzeliwał budynki mieszkalne i szpitale w Palestynie i jakoś media nad tym nie ubolewały...",2,61,25,88,20-06-25,250,37,,https://nitter.net/WolnaRadio/status/1936011657567707303#m
466,ZKrelowski,"Powody do fałszowania wyborów miało jedno środowisko w Polsce. To, które bezczelnie oszukało obywateli w 2023 i tym samym utraciło kredyt zaufania społecznego. To, które wpędziło kraj w tarapaty gospodarcze swoimi szkodliwymi rządami. To, które wystawiło komicznego kandydata.",0,19,1,20,20-06-25,276,38,,https://nitter.net/ZKrelowski/status/1936081005053362586#m
467,CDzwoni,Nowy rzecznik rządu. Obejrzyjcie koniecznie. Tego jeszcze nie było.,26,356,167,549,20-06-25,67,9,,https://nitter.net/CDzwoni/status/1936022052298702874#m
468,AleksZawisza,"W Grudziądzu ponowne przeliczenie głosów wyborczych ujawniło błędy. Rafał Trzaskowski, a nie Karol Nawrocki, wygrał w obwodzie nr 25. W ilu jeszcze komisjach TO zrobiliście, pisi? ; ) #PrzeliczmyGłosy #PowtorzyćDrugaTurę!!! #Siódemka wiadomosci.wp.pl/ponownie-pr…",2,94,12,108,19-06-25,263,32,,https://nitter.net/AleksZawisza/status/1935771867207393640#m
469,Piotr_1978_,Jeżeli @Platforma_org unieważni wybory prezydenckie będziemy na ulicy!!! Mamy dość!!! Zgadzasz się? Udostępnij!!! #RT #wybory2025 #WyboryPrezydenckie2025 #Nawrocki2025 #nawrocki,18,872,111,1001,20-06-25,177,18,,https://nitter.net/Piotr_1978_/status/1935983691622498612#m
470,Ela37703014,Jestem z Podkarpacia.PRZELICZYĆ GŁOSY‼️PRAWDA TO PODSTAWA DEMOKRACJI‼️PRZELICZYĆ GŁOSY ‼️NIE WAŻNE ŻE WYGRA NAWROCKI CHCE PRAWDZIWYCH WYNIKÓW‼️PRZELICZYĆ ‼️DEMOKRACJA =KAŻDY GŁOS MA ZNACZENIE‼️‼️‼️,0,17,1,18,19-06-25,197,21,,https://nitter.net/Ela37703014/status/1935746539819090029#m
471,BatugWojciech,"Amerykański serwis inform. Washigton Reporter: obóz Tuska coraz mocniej forsuje narrację o sfałszowanych wyborach. Powód? Zobowiązania Tuska wobec Brukseli i misja pełnego podporządkowania Polski. Ale pojawił się obrońca interesu narodowego, Karol Nawrocki. Trwa Walka o Polskę.",6,404,2,412,20-06-25,278,36,,https://nitter.net/BatugWojciech/status/1935992913755873546#m
472,acosta_re_nata,"Dawno nic nie sprawilo PISowcom takiej frajdy, jak wybor nowego Rzecznika Rzadu!! 🤣🤣 Chyba nawet z wygranych prezydenckich, radosc byla mniejsza",0,31,14,45,20-06-25,144,21,,https://nitter.net/acosta_re_nata/status/1936065570723471744#m
473,spalinskipatryk,Karol Nawrocki jest moim prezydentem.,0,5,17,22,20-06-25,37,5,,https://nitter.net/spalinskipatryk/status/1936100052440957267#m
474,BobiDylan3,Wygrał k Nawrocki nie dziękuj,0,0,0,0,20-06-25,29,5,,https://nitter.net/BobiDylan3/status/1936102947357966409#m
475,air_kadiush,"🇵🇱Członek PKW Ryszard Kalisz w wywiadzie dla Rzeczpospolitej, mówi o nieprawidłowościach i anomaliach w 3675 komisjach‼️ Były to przypadki, gdzie w gminie, mieście w większości wygrywał @trzaskowski_ , a tylko w jednej Nawrocki. Posłuchajcie. 💥💥💥 #PrzeliczmyGlosy",3,145,8,156,20-06-25,263,36,,https://nitter.net/air_kadiush/status/1936083104805904677#m
476,wolfmaahn,Polens: Ist Nawrocki der rechtmäßige Sieger? Bei der Präsidentenwahl sollen in erheblicher Anzahl Stimmen vertauscht worden sein. Das Oberste Gericht ordnete nun eine erste Neuauszählung an. faz.net/aktuell/politik/ausl…,2,78,2,82,20-06-25,220,27,,https://nitter.net/wolfmaahn/status/1935959653382320529#m
477,athighmoon,To jak w Polsce wybory - niby wygrał Nawrocki ale jakby policzyć jeszcze raz to nieknoniecznie 😂🤣,0,1,0,1,20-06-25,97,17,,https://nitter.net/athighmoon/status/1936099428395294883#m
478,dabakuzu,Ja i moja rodzina już prezydenta wybrałam. Jest nim Karol Nawrocki. I niech nikt się nie ośmieli podważać tego wyboru. Jest nas miliony.,2,71,6,79,20-06-25,136,23,,https://nitter.net/dabakuzu/status/1935975050810675226#m
479,alojjola,"Szczęśliwego małżeństwa! O, co tutaj widzimy? To ten opresyjny katolicyzm⁉️🙄",7,86,41,134,20-06-25,76,10,,https://nitter.net/alojjola/status/1936050391826743769#m
480,Ren4ta_H,"🇵🇱 Karol Nawrocki, mimo brudnej kampanii wygrał wybory prezydenckie i zostanie Prezydentem Rzeczpospolitej. #Nawrocki2025",2,90,21,113,20-06-25,121,14,,https://nitter.net/Ren4ta_H/status/1936006437328539888#m
481,Piotr_1978_,Jeżeli @Platforma_org unieważni wybory prezydenckie będziemy na ulicy!!! Mamy dość!!! Zgadzasz się? Udostępnij!!! #RT #wybory2025 #WyboryPrezydenckie2025 #Nawrocki2025 #nawrocki,18,873,111,1002,20-06-25,177,18,,https://nitter.net/Piotr_1978_/status/1935983691622498612#m
482,spalinskipatryk,Karol Nawrocki jest moim prezydentem.,0,5,17,22,20-06-25,37,5,,https://nitter.net/spalinskipatryk/status/1936100052440957267#m
483,DariuszSmo,"Nie wierzę Hołowni. Zrobił już parę świństw, choćby w sprawie Kamińskiego i Wąsika, a w sprawie zaprzysiężenia Nawrockiego też może coś wywinąć. Dopóki Nawrocki nie zostanie zaprzysiężony, doputy jest groźba że Hołownia, Tusk, Bodnar i Giertych mają w planie jakieś łajdactwo.",0,1,0,1,20-06-25,276,41,,https://nitter.net/DariuszSmo/status/1936103126119117204#m
484,BeataKempa_MEP,"Zgadzam się z Panem Prof. Nowakiem. Przegrani weszli w fazę niewyobrażalnej histerii . Skoro zdolni byli do tego, żeby wypuścić Cybę - politycznego mordercę i to bez względu na skutki, to dzisiaj trzeba nam pilnować Polski 🇵🇱i chronić Prezydenta . wpolityce.pl/polityka/732916…",12,455,143,610,19-06-25,277,41,,https://nitter.net/BeataKempa_MEP/status/1935793168756232508#m
485,BatugWojciech,"Amerykański serwis inform. Washigton Reporter: obóz Tuska coraz mocniej forsuje narrację o sfałszowanych wyborach. Powód? Zobowiązania Tuska wobec Brukseli i misja pełnego podporządkowania Polski. Ale pojawił się obrońca interesu narodowego, Karol Nawrocki. Trwa Walka o Polskę.",6,404,2,412,20-06-25,278,36,,https://nitter.net/BatugWojciech/status/1935992913755873546#m
486,Marcinek_1977,Nawrocki wziął cała prawą stronę i stąd anomalie. Litości dla myślących.,0,0,0,0,20-06-25,72,11,,https://nitter.net/Marcinek_1977/status/1936103355547279842#m
487,PatrykSlowik,"Po lewej prof. Safjan ze stycznia 2025. Po prawej prof. Safjan z czerwca 2025. W skrócie: zmienił pogląd o 180 stopni po tym, gdy wybory wygrał Karol Nawrocki.",155,1595,312,2062,18-06-25,159,28,,https://nitter.net/PatrykSlowik/status/1935433170226442610#m
488,KrzKownacki,Washington Reporter NIE JEST wpływowym amerykańskim serwisem. To zjeby są.,0,0,0,0,20-06-25,74,10,,https://nitter.net/KrzKownacki/status/1936103324824080416#m
489,MurzynfrogXXX,Ale pan jest totalnym przegrywem XD Przegraliście demokratyczne wybory i próbujecie robić gnój i syf w przestrzeni medialnej. Karol Nawrocki i tak zostanie prezydentem a wy pozostaniecie przegrywami i to w dodatku z łatką totalnie odklejonych idiotów którym przewodzi Roman Giertych.,1,63,16,80,20-06-25,283,41,,https://nitter.net/MurzynfrogXXX/status/1936081241796694257#m
490,ullasiwiec,"My, uczciwi Polacy chcemy uczciwego przeliczenia głosów, nic mniej, nic więcej, niech prezydentem będzie ten, który wygrał wybory, skoro PiS i jego wyznawcy uważają, że Nawrocki otrzymał większość głosów -to w czym problem! Demokracja wymaga uczciwości i przejrzystości!",0,0,0,0,20-06-25,270,38,,https://nitter.net/ullasiwiec/status/1936103304204792142#m
491,A2H_RedBrick,Ciekawe co p. Nawrocki zrobi :),0,0,0,0,20-06-25,31,6,,https://nitter.net/A2H_RedBrick/status/1936103279953400235#m
492,czekacz,"Przejście w Rosówku. Na granicę podjechał srebrny bus na niemieckich numerach, z którego wysiadło kilku kolorowych. Po rewizji i przeszukaniu przepakowano ich do tego busa. To się naprawdę dzieje.",64,1592,175,1831,20-06-25,196,29,,https://nitter.net/czekacz/status/1935955648002339069#m
493,mr_libek,"Nikt w Polsce nie wie, kto wygrał wybory, tylko @domi_dlugosz wie, że wygrał Nawrocki.",2,50,31,83,20-06-25,86,14,,https://nitter.net/mr_libek/status/1935996941193880000#m
494,air_kadiush,"🇵🇱Członek PKW Ryszard Kalisz w wywiadzie dla Rzeczpospolitej, mówi o nieprawidłowościach i anomaliach w 3675 komisjach‼️ Były to przypadki, gdzie w gminie, mieście w większości wygrywał @trzaskowski_ , a tylko w jednej Nawrocki. Posłuchajcie. 💥💥💥 #PrzeliczmyGlosy",3,145,8,156,20-06-25,263,36,,https://nitter.net/air_kadiush/status/1936083104805904677#m
495,xbeliejbe,@Nawrocki25 @NawrockiKn 🇵🇱 PREZYDENTEM POLSKI 🇵🇱 KAROL NAWROCKI 🇵🇱,0,0,0,0,20-06-25,66,9,,https://nitter.net/xbeliejbe/status/1936103206175883355#m
496,mr_libek,"Nikt w Polsce nie wie, kto wygrał wybory, tylko @domi_dlugosz wie, że wygrał Nawrocki.",2,50,31,83,20-06-25,86,14,,https://nitter.net/mr_libek/status/1935996941193880000#m
497,Wiesci24pl,Dlaczego Karol Nawrocki przegrał wybory prezydenckie? wiesci24.pl/2025/06/20/dlacz…,3,109,58,170,20-06-25,83,7,,https://nitter.net/Wiesci24pl/status/1935978483949133917#m
498,BatugWojciech,"Amerykański serwis inform. Washigton Reporter: obóz Tuska coraz mocniej forsuje narrację o sfałszowanych wyborach. Powód? Zobowiązania Tuska wobec Brukseli i misja pełnego podporządkowania Polski. Ale pojawił się obrońca interesu narodowego, Karol Nawrocki. Trwa Walka o Polskę.",6,405,2,413,20-06-25,278,36,,https://nitter.net/BatugWojciech/status/1935992913755873546#m
499,darekmizielski,Wybory wygrał Nawrocki i tyle .A liczyć to sobie możecie do grudnia .,0,0,0,0,20-06-25,69,13,,https://nitter.net/darekmizielski/status/1936103168045150317#m
500,DariuszSmo,"Nie wierzę Hołowni. Zrobił już parę świństw, choćby w sprawie Kamińskiego i Wąsika, a w sprawie zaprzysiężenia Nawrockiego też może coś wywinąć. Dopóki Nawrocki nie zostanie zaprzysiężony, doputy jest groźba że Hołownia, Tusk, Bodnar i Giertych mają w planie jakieś łajdactwo.",0,1,0,1,20-06-25,276,41,,https://nitter.net/DariuszSmo/status/1936103126119117204#m
